3000 10000
1 2
2 3
3 4
4 5
5 1
6 7
7 8
8 9
9 10
10 6
11 12
12 13
13 14
14 15
15 11
16 17
17 18
18 19
19 20
20 16
21 22
22 23
23 24
24 25
25 21
26 27
27 28
28 29
29 30
30 26
31 32
32 33
33 34
34 35
35 31
36 37
37 38
38 39
39 40
40 36
41 42
42 43
43 44
44 45
45 41
46 47
47 48
48 49
49 50
50 46
51 52
52 53
53 54
54 55
55 51
56 57
57 58
58 59
59 60
60 56
61 62
62 63
63 64
64 65
65 61
66 67
67 68
68 69
69 70
70 66
71 72
72 73
73 74
74 75
75 71
76 77
77 78
78 79
79 80
80 76
81 82
82 83
83 84
84 85
85 81
86 87
87 88
88 89
89 90
90 86
91 92
92 93
93 94
94 95
95 91
96 97
97 98
98 99
99 100
100 96
101 102
102 103
103 104
104 105
105 101
106 107
107 108
108 109
109 110
110 106
111 112
112 113
113 114
114 115
115 111
116 117
117 118
118 119
119 120
120 116
121 122
122 123
123 124
124 125
125 121
126 127
127 128
128 129
129 130
130 126
131 132
132 133
133 134
134 135
135 131
136 137
137 138
138 139
139 140
140 136
141 142
142 143
143 144
144 145
145 141
146 147
147 148
148 149
149 150
150 146
151 152
152 153
153 154
154 155
155 151
156 157
157 158
158 159
159 160
160 156
161 162
162 163
163 164
164 165
165 161
166 167
167 168
168 169
169 170
170 166
171 172
172 173
173 174
174 175
175 171
176 177
177 178
178 179
179 180
180 176
181 182
182 183
183 184
184 185
185 181
186 187
187 188
188 189
189 190
190 186
191 192
192 193
193 194
194 195
195 191
196 197
197 198
198 199
199 200
200 196
201 202
202 203
203 204
204 205
205 201
206 207
207 208
208 209
209 210
210 206
211 212
212 213
213 214
214 215
215 211
216 217
217 218
218 219
219 220
220 216
221 222
222 223
223 224
224 225
225 221
226 227
227 228
228 229
229 230
230 226
231 232
232 233
233 234
234 235
235 231
236 237
237 238
238 239
239 240
240 236
241 242
242 243
243 244
244 245
245 241
246 247
247 248
248 249
249 250
250 246
251 252
252 253
253 254
254 255
255 251
256 257
257 258
258 259
259 260
260 256
261 262
262 263
263 264
264 265
265 261
266 267
267 268
268 269
269 270
270 266
271 272
272 273
273 274
274 275
275 271
276 277
277 278
278 279
279 280
280 276
281 282
282 283
283 284
284 285
285 281
286 287
287 288
288 289
289 290
290 286
291 292
292 293
293 294
294 295
295 291
296 297
297 298
298 299
299 300
300 296
301 302
302 303
303 304
304 301
305 306
306 307
307 308
308 305
309 310
310 311
311 312
312 309
313 314
314 315
315 316
316 313
317 318
318 319
319 320
320 317
321 322
322 323
323 324
324 321
325 326
326 327
327 328
328 325
329 330
330 331
331 332
332 329
333 334
334 335
335 336
336 333
337 338
338 339
339 340
340 337
341 342
342 343
343 344
344 341
345 346
346 347
347 348
348 345
349 350
350 351
351 352
352 349
353 354
354 355
355 356
356 353
357 358
358 359
359 360
360 357
361 362
362 363
363 364
364 361
365 366
366 367
367 368
368 365
369 370
370 371
371 372
372 369
373 374
374 375
375 376
376 373
377 378
378 379
379 380
380 377
381 382
382 383
383 384
384 381
385 386
386 387
387 388
388 385
389 390
390 391
391 392
392 389
393 394
394 395
395 396
396 393
397 398
398 399
399 400
400 397
401 402
402 403
403 404
404 401
405 406
406 407
407 408
408 405
409 410
410 411
411 412
412 409
413 414
414 415
415 416
416 413
417 418
418 419
419 420
420 417
421 422
422 423
423 424
424 421
425 426
426 427
427 428
428 425
429 430
430 431
431 432
432 429
433 434
434 435
435 436
436 433
437 438
438 439
439 440
440 437
441 442
442 443
443 444
444 441
445 446
446 447
447 448
448 445
449 450
450 451
451 452
452 449
453 454
454 455
455 456
456 453
457 458
458 459
459 460
460 457
461 462
462 463
463 464
464 461
465 466
466 467
467 468
468 465
469 470
470 471
471 472
472 469
473 474
474 475
475 476
476 473
477 478
478 479
479 480
480 477
481 482
482 483
483 484
484 481
485 486
486 487
487 488
488 485
489 490
490 491
491 492
492 489
493 494
494 495
495 496
496 493
497 498
498 499
499 500
500 497
501 502
502 503
503 504
504 501
505 506
506 507
507 508
508 505
509 510
510 511
511 512
512 509
513 514
514 515
515 516
516 513
517 518
518 519
519 520
520 517
521 522
522 523
523 524
524 521
525 526
526 527
527 528
528 525
529 530
530 531
531 532
532 529
533 534
534 535
535 536
536 533
537 538
538 539
539 540
540 537
541 542
542 543
543 544
544 541
545 546
546 547
547 548
548 545
549 550
550 551
551 552
552 549
553 554
554 555
555 556
556 553
557 558
558 559
559 560
560 557
561 562
562 563
563 564
564 561
565 566
566 567
567 568
568 565
569 570
570 571
571 572
572 569
573 574
574 575
575 576
576 573
577 578
578 579
579 580
580 577
581 582
582 583
583 584
584 581
585 586
586 587
587 588
588 585
589 590
590 591
591 592
592 589
593 594
594 595
595 596
596 593
597 598
598 599
599 600
600 597
601 602
602 603
603 604
604 601
605 606
606 607
607 608
608 605
609 610
610 611
611 612
612 609
613 614
614 615
615 616
616 613
617 618
618 619
619 620
620 617
621 622
622 623
623 624
624 621
625 626
626 627
627 628
628 625
629 630
630 631
631 632
632 629
633 634
634 635
635 636
636 633
637 638
638 639
639 640
640 637
641 642
642 643
643 644
644 641
645 646
646 647
647 648
648 645
649 650
650 651
651 652
652 649
653 654
654 655
655 656
656 653
657 658
658 659
659 660
660 657
661 662
662 663
663 664
664 661
665 666
666 667
667 668
668 665
669 670
670 671
671 672
672 669
673 674
674 675
675 676
676 673
677 678
678 679
679 680
680 677
681 682
682 683
683 684
684 681
685 686
686 687
687 688
688 685
689 690
690 691
691 692
692 689
693 694
694 695
695 696
696 693
697 698
698 699
699 700
700 697
701 702
702 703
703 704
704 701
705 706
706 707
707 708
708 705
709 710
710 711
711 712
712 709
713 714
714 715
715 716
716 713
717 718
718 719
719 720
720 717
721 722
722 723
723 724
724 721
725 726
726 727
727 728
728 725
729 730
730 731
731 732
732 729
733 734
734 735
735 736
736 733
737 738
738 739
739 740
740 737
741 742
742 743
743 744
744 741
745 746
746 747
747 748
748 745
749 750
750 751
751 752
752 749
753 754
754 755
755 756
756 753
757 758
758 759
759 760
760 757
761 762
762 763
763 764
764 761
765 766
766 767
767 768
768 765
769 770
770 771
771 772
772 769
773 774
774 775
775 776
776 773
777 778
778 779
779 780
780 777
781 782
782 783
783 784
784 781
785 786
786 787
787 788
788 785
789 790
790 791
791 792
792 789
793 794
794 795
795 796
796 793
797 798
798 799
799 800
800 797
801 802
802 803
803 804
804 801
805 806
806 807
807 808
808 805
809 810
810 811
811 812
812 809
813 814
814 815
815 816
816 813
817 818
818 819
819 820
820 817
821 822
822 823
823 824
824 821
825 826
826 827
827 828
828 825
829 830
830 831
831 832
832 829
833 834
834 835
835 836
836 833
837 838
838 839
839 840
840 837
841 842
842 843
843 844
844 841
845 846
846 847
847 848
848 845
849 850
850 851
851 852
852 849
853 854
854 855
855 856
856 853
857 858
858 859
859 860
860 857
861 862
862 863
863 864
864 861
865 866
866 867
867 868
868 865
869 870
870 871
871 872
872 869
873 874
874 875
875 876
876 873
877 878
878 879
879 880
880 877
881 882
882 883
883 884
884 881
885 886
886 887
887 888
888 885
889 890
890 891
891 892
892 889
893 894
894 895
895 896
896 893
897 898
898 899
899 900
900 897
901 902
902 903
903 904
904 901
905 906
906 907
907 908
908 905
909 910
910 911
911 912
912 909
913 914
914 915
915 916
916 913
917 918
918 919
919 920
920 917
921 922
922 923
923 924
924 921
925 926
926 927
927 928
928 925
929 930
930 931
931 932
932 929
933 934
934 935
935 936
936 933
937 938
938 939
939 940
940 937
941 942
942 943
943 944
944 941
945 946
946 947
947 948
948 945
949 950
950 951
951 952
952 949
953 954
954 955
955 956
956 953
957 958
958 959
959 960
960 957
961 962
962 963
963 964
964 961
965 966
966 967
967 968
968 965
969 970
970 971
971 972
972 969
973 974
974 975
975 976
976 973
977 978
978 979
979 980
980 977
981 982
982 983
983 984
984 981
985 986
986 987
987 988
988 985
989 990
990 991
991 992
992 989
993 994
994 995
995 996
996 993
997 998
998 999
999 1000
1000 997
1001 1002
1002 1003
1003 1004
1004 1001
1005 1006
1006 1007
1007 1008
1008 1005
1009 1010
1010 1011
1011 1012
1012 1009
1013 1014
1014 1015
1015 1016
1016 1013
1017 1018
1018 1019
1019 1020
1020 1017
1021 1022
1022 1023
1023 1024
1024 1021
1025 1026
1026 1027
1027 1028
1028 1025
1029 1030
1030 1031
1031 1032
1032 1029
1033 1034
1034 1035
1035 1036
1036 1033
1037 1038
1038 1039
1039 1040
1040 1037
1041 1042
1042 1043
1043 1044
1044 1041
1045 1046
1046 1047
1047 1048
1048 1045
1049 1050
1050 1051
1051 1052
1052 1049
1053 1054
1054 1055
1055 1056
1056 1053
1057 1058
1058 1059
1059 1060
1060 1057
1061 1062
1062 1063
1063 1064
1064 1061
1065 1066
1066 1067
1067 1068
1068 1065
1069 1070
1070 1071
1071 1072
1072 1069
1073 1074
1074 1075
1075 1076
1076 1073
1077 1078
1078 1079
1079 1080
1080 1077
1081 1082
1082 1083
1083 1084
1084 1081
1085 1086
1086 1087
1087 1088
1088 1085
1089 1090
1090 1091
1091 1092
1092 1089
1093 1094
1094 1095
1095 1096
1096 1093
1097 1098
1098 1099
1099 1100
1100 1097
1101 1102
1102 1103
1103 1104
1104 1101
1105 1106
1106 1107
1107 1108
1108 1105
1109 1110
1110 1111
1111 1112
1112 1109
1113 1114
1114 1115
1115 1116
1116 1113
1117 1118
1118 1119
1119 1120
1120 1117
1121 1122
1122 1123
1123 1124
1124 1121
1125 1126
1126 1127
1127 1128
1128 1125
1129 1130
1130 1131
1131 1132
1132 1129
1133 1134
1134 1135
1135 1136
1136 1133
1137 1138
1138 1139
1139 1140
1140 1137
1141 1142
1142 1143
1143 1144
1144 1141
1145 1146
1146 1147
1147 1148
1148 1145
1149 1150
1150 1151
1151 1152
1152 1149
1153 1154
1154 1155
1155 1156
1156 1153
1157 1158
1158 1159
1159 1160
1160 1157
1161 1162
1162 1163
1163 1164
1164 1161
1165 1166
1166 1167
1167 1168
1168 1165
1169 1170
1170 1171
1171 1172
1172 1169
1173 1174
1174 1175
1175 1176
1176 1173
1177 1178
1178 1179
1179 1180
1180 1177
1181 1182
1182 1183
1183 1184
1184 1181
1185 1186
1186 1187
1187 1188
1188 1185
1189 1190
1190 1191
1191 1192
1192 1189
1193 1194
1194 1195
1195 1196
1196 1193
1197 1198
1198 1199
1199 1200
1200 1197
1201 1202
1202 1203
1203 1204
1204 1201
1205 1206
1206 1207
1207 1208
1208 1205
1209 1210
1210 1211
1211 1212
1212 1209
1213 1214
1214 1215
1215 1216
1216 1213
1217 1218
1218 1219
1219 1220
1220 1217
1221 1222
1222 1223
1223 1224
1224 1221
1225 1226
1226 1227
1227 1228
1228 1225
1229 1230
1230 1231
1231 1232
1232 1229
1233 1234
1234 1235
1235 1236
1236 1233
1237 1238
1238 1239
1239 1240
1240 1237
1241 1242
1242 1243
1243 1244
1244 1241
1245 1246
1246 1247
1247 1248
1248 1245
1249 1250
1250 1251
1251 1252
1252 1249
1253 1254
1254 1255
1255 1256
1256 1253
1257 1258
1258 1259
1259 1260
1260 1257
1261 1262
1262 1263
1263 1264
1264 1261
1265 1266
1266 1267
1267 1268
1268 1265
1269 1270
1270 1271
1271 1272
1272 1269
1273 1274
1274 1275
1275 1276
1276 1273
1277 1278
1278 1279
1279 1280
1280 1277
1281 1282
1282 1283
1283 1284
1284 1281
1285 1286
1286 1287
1287 1288
1288 1285
1289 1290
1290 1291
1291 1292
1292 1289
1293 1294
1294 1295
1295 1296
1296 1293
1297 1298
1298 1299
1299 1300
1300 1297
1301 1302
1302 1303
1303 1304
1304 1301
1305 1306
1306 1307
1307 1308
1308 1305
1309 1310
1310 1311
1311 1312
1312 1309
1313 1314
1314 1315
1315 1316
1316 1313
1317 1318
1318 1319
1319 1320
1320 1317
1321 1322
1322 1323
1323 1324
1324 1321
1325 1326
1326 1327
1327 1328
1328 1325
1329 1330
1330 1331
1331 1332
1332 1329
1333 1334
1334 1335
1335 1336
1336 1333
1337 1338
1338 1339
1339 1340
1340 1337
1341 1342
1342 1343
1343 1344
1344 1341
1345 1346
1346 1347
1347 1348
1348 1345
1349 1350
1350 1351
1351 1352
1352 1349
1353 1354
1354 1355
1355 1356
1356 1353
1357 1358
1358 1359
1359 1360
1360 1357
1361 1362
1362 1363
1363 1364
1364 1361
1365 1366
1366 1367
1367 1368
1368 1365
1369 1370
1370 1371
1371 1372
1372 1369
1373 1374
1374 1375
1375 1376
1376 1373
1377 1378
1378 1379
1379 1380
1380 1377
1381 1382
1382 1383
1383 1384
1384 1381
1385 1386
1386 1387
1387 1388
1388 1385
1389 1390
1390 1391
1391 1392
1392 1389
1393 1394
1394 1395
1395 1396
1396 1393
1397 1398
1398 1399
1399 1400
1400 1397
1401 1402
1402 1403
1403 1404
1404 1401
1405 1406
1406 1407
1407 1408
1408 1405
1409 1410
1410 1411
1411 1412
1412 1409
1413 1414
1414 1415
1415 1416
1416 1413
1417 1418
1418 1419
1419 1420
1420 1417
1421 1422
1422 1423
1423 1424
1424 1421
1425 1426
1426 1427
1427 1428
1428 1425
1429 1430
1430 1431
1431 1432
1432 1429
1433 1434
1434 1435
1435 1436
1436 1433
1437 1438
1438 1439
1439 1440
1440 1437
1441 1442
1442 1443
1443 1444
1444 1441
1445 1446
1446 1447
1447 1448
1448 1445
1449 1450
1450 1451
1451 1452
1452 1449
1453 1454
1454 1455
1455 1456
1456 1453
1457 1458
1458 1459
1459 1460
1460 1457
1461 1462
1462 1463
1463 1464
1464 1461
1465 1466
1466 1467
1467 1468
1468 1465
1469 1470
1470 1471
1471 1472
1472 1469
1473 1474
1474 1475
1475 1476
1476 1473
1477 1478
1478 1479
1479 1480
1480 1477
1481 1482
1482 1483
1483 1484
1484 1481
1485 1486
1486 1487
1487 1488
1488 1485
1489 1490
1490 1491
1491 1492
1492 1489
1493 1494
1494 1495
1495 1496
1496 1493
1497 1498
1498 1499
1499 1500
1500 1497
1501 1502
1502 1503
1503 1504
1504 1501
1505 1506
1506 1507
1507 1508
1508 1505
1509 1510
1510 1511
1511 1512
1512 1509
1513 1514
1514 1515
1515 1516
1516 1513
1517 1518
1518 1519
1519 1520
1520 1517
1521 1522
1522 1523
1523 1524
1524 1521
1525 1526
1526 1527
1527 1528
1528 1525
1529 1530
1530 1531
1531 1532
1532 1529
1533 1534
1534 1535
1535 1536
1536 1533
1537 1538
1538 1539
1539 1540
1540 1537
1541 1542
1542 1543
1543 1544
1544 1541
1545 1546
1546 1547
1547 1548
1548 1545
1549 1550
1550 1551
1551 1552
1552 1549
1553 1554
1554 1555
1555 1556
1556 1553
1557 1558
1558 1559
1559 1560
1560 1557
1561 1562
1562 1563
1563 1564
1564 1561
1565 1566
1566 1567
1567 1568
1568 1565
1569 1570
1570 1571
1571 1572
1572 1569
1573 1574
1574 1575
1575 1576
1576 1573
1577 1578
1578 1579
1579 1580
1580 1577
1581 1582
1582 1583
1583 1584
1584 1581
1585 1586
1586 1587
1587 1588
1588 1585
1589 1590
1590 1591
1591 1592
1592 1589
1593 1594
1594 1595
1595 1596
1596 1593
1597 1598
1598 1599
1599 1600
1600 1597
1601 1602
1602 1603
1603 1604
1604 1601
1605 1606
1606 1607
1607 1608
1608 1605
1609 1610
1610 1611
1611 1612
1612 1609
1613 1614
1614 1615
1615 1616
1616 1613
1617 1618
1618 1619
1619 1620
1620 1617
1621 1622
1622 1623
1623 1624
1624 1621
1625 1626
1626 1627
1627 1628
1628 1625
1629 1630
1630 1631
1631 1632
1632 1629
1633 1634
1634 1635
1635 1636
1636 1633
1637 1638
1638 1639
1639 1640
1640 1637
1641 1642
1642 1643
1643 1644
1644 1641
1645 1646
1646 1647
1647 1648
1648 1645
1649 1650
1650 1651
1651 1652
1652 1649
1653 1654
1654 1655
1655 1656
1656 1653
1657 1658
1658 1659
1659 1660
1660 1657
1661 1662
1662 1663
1663 1664
1664 1661
1665 1666
1666 1667
1667 1668
1668 1665
1669 1670
1670 1671
1671 1672
1672 1669
1673 1674
1674 1675
1675 1676
1676 1673
1677 1678
1678 1679
1679 1680
1680 1677
1681 1682
1682 1683
1683 1684
1684 1681
1685 1686
1686 1687
1687 1688
1688 1685
1689 1690
1690 1691
1691 1692
1692 1689
1693 1694
1694 1695
1695 1696
1696 1693
1697 1698
1698 1699
1699 1700
1700 1697
1701 1702
1702 1703
1703 1704
1704 1701
1705 1706
1706 1707
1707 1708
1708 1705
1709 1710
1710 1711
1711 1712
1712 1709
1713 1714
1714 1715
1715 1716
1716 1713
1717 1718
1718 1719
1719 1720
1720 1717
1721 1722
1722 1723
1723 1724
1724 1721
1725 1726
1726 1727
1727 1728
1728 1725
1729 1730
1730 1731
1731 1732
1732 1729
1733 1734
1734 1735
1735 1736
1736 1733
1737 1738
1738 1739
1739 1740
1740 1737
1741 1742
1742 1743
1743 1744
1744 1741
1745 1746
1746 1747
1747 1748
1748 1745
1749 1750
1750 1751
1751 1752
1752 1749
1753 1754
1754 1755
1755 1756
1756 1753
1757 1758
1758 1759
1759 1760
1760 1757
1761 1762
1762 1763
1763 1764
1764 1761
1765 1766
1766 1767
1767 1768
1768 1765
1769 1770
1770 1771
1771 1772
1772 1769
1773 1774
1774 1775
1775 1776
1776 1773
1777 1778
1778 1779
1779 1780
1780 1777
1781 1782
1782 1783
1783 1784
1784 1781
1785 1786
1786 1787
1787 1788
1788 1785
1789 1790
1790 1791
1791 1792
1792 1789
1793 1794
1794 1795
1795 1796
1796 1793
1797 1798
1798 1799
1799 1800
1800 1797
1801 1802
1802 1803
1803 1804
1804 1801
1805 1806
1806 1807
1807 1808
1808 1805
1809 1810
1810 1811
1811 1812
1812 1809
1813 1814
1814 1815
1815 1816
1816 1813
1817 1818
1818 1819
1819 1820
1820 1817
1821 1822
1822 1823
1823 1824
1824 1821
1825 1826
1826 1827
1827 1828
1828 1825
1829 1830
1830 1831
1831 1832
1832 1829
1833 1834
1834 1835
1835 1836
1836 1833
1837 1838
1838 1839
1839 1840
1840 1837
1841 1842
1842 1843
1843 1844
1844 1841
1845 1846
1846 1847
1847 1848
1848 1845
1849 1850
1850 1851
1851 1852
1852 1849
1853 1854
1854 1855
1855 1856
1856 1853
1857 1858
1858 1859
1859 1860
1860 1857
1861 1862
1862 1863
1863 1864
1864 1861
1865 1866
1866 1867
1867 1868
1868 1865
1869 1870
1870 1871
1871 1872
1872 1869
1873 1874
1874 1875
1875 1876
1876 1873
1877 1878
1878 1879
1879 1880
1880 1877
1881 1882
1882 1883
1883 1884
1884 1881
1885 1886
1886 1887
1887 1888
1888 1885
1889 1890
1890 1891
1891 1892
1892 1889
1893 1894
1894 1895
1895 1896
1896 1893
1897 1898
1898 1899
1899 1900
1900 1897
1901 1902
1902 1903
1903 1904
1904 1901
1905 1906
1906 1907
1907 1908
1908 1905
1909 1910
1910 1911
1911 1912
1912 1909
1913 1914
1914 1915
1915 1916
1916 1913
1917 1918
1918 1919
1919 1920
1920 1917
1921 1922
1922 1923
1923 1924
1924 1921
1925 1926
1926 1927
1927 1928
1928 1925
1929 1930
1930 1931
1931 1932
1932 1929
1933 1934
1934 1935
1935 1936
1936 1933
1937 1938
1938 1939
1939 1940
1940 1937
1941 1942
1942 1943
1943 1944
1944 1941
1945 1946
1946 1947
1947 1948
1948 1945
1949 1950
1950 1951
1951 1952
1952 1949
1953 1954
1954 1955
1955 1956
1956 1953
1957 1958
1958 1959
1959 1960
1960 1957
1961 1962
1962 1963
1963 1964
1964 1961
1965 1966
1966 1967
1967 1968
1968 1965
1969 1970
1970 1971
1971 1972
1972 1969
1973 1974
1974 1975
1975 1976
1976 1973
1977 1978
1978 1979
1979 1980
1980 1977
1981 1982
1982 1983
1983 1984
1984 1981
1985 1986
1986 1987
1987 1988
1988 1985
1989 1990
1990 1991
1991 1992
1992 1989
1993 1994
1994 1995
1995 1996
1996 1993
1997 1998
1998 1999
1999 2000
2000 1997
2001 2002
2002 2003
2003 2004
2004 2001
2005 2006
2006 2007
2007 2008
2008 2005
2009 2010
2010 2011
2011 2012
2012 2009
2013 2014
2014 2015
2015 2016
2016 2013
2017 2018
2018 2019
2019 2020
2020 2017
2021 2022
2022 2023
2023 2024
2024 2021
2025 2026
2026 2027
2027 2028
2028 2025
2029 2030
2030 2031
2031 2032
2032 2029
2033 2034
2034 2035
2035 2036
2036 2033
2037 2038
2038 2039
2039 2040
2040 2037
2041 2042
2042 2043
2043 2044
2044 2041
2045 2046
2046 2047
2047 2048
2048 2045
2049 2050
2050 2051
2051 2052
2052 2049
2053 2054
2054 2055
2055 2056
2056 2053
2057 2058
2058 2059
2059 2060
2060 2057
2061 2062
2062 2063
2063 2064
2064 2061
2065 2066
2066 2067
2067 2068
2068 2065
2069 2070
2070 2071
2071 2072
2072 2069
2073 2074
2074 2075
2075 2076
2076 2073
2077 2078
2078 2079
2079 2080
2080 2077
2081 2082
2082 2083
2083 2084
2084 2081
2085 2086
2086 2087
2087 2088
2088 2085
2089 2090
2090 2091
2091 2092
2092 2089
2093 2094
2094 2095
2095 2096
2096 2093
2097 2098
2098 2099
2099 2100
2100 2097
2101 2102
2102 2103
2103 2104
2104 2101
2105 2106
2106 2107
2107 2108
2108 2105
2109 2110
2110 2111
2111 2112
2112 2109
2113 2114
2114 2115
2115 2116
2116 2113
2117 2118
2118 2119
2119 2120
2120 2117
2121 2122
2122 2123
2123 2124
2124 2121
2125 2126
2126 2127
2127 2128
2128 2125
2129 2130
2130 2131
2131 2132
2132 2129
2133 2134
2134 2135
2135 2136
2136 2133
2137 2138
2138 2139
2139 2140
2140 2137
2141 2142
2142 2143
2143 2144
2144 2141
2145 2146
2146 2147
2147 2148
2148 2145
2149 2150
2150 2151
2151 2152
2152 2149
2153 2154
2154 2155
2155 2156
2156 2153
2157 2158
2158 2159
2159 2160
2160 2157
2161 2162
2162 2163
2163 2164
2164 2161
2165 2166
2166 2167
2167 2168
2168 2165
2169 2170
2170 2171
2171 2172
2172 2169
2173 2174
2174 2175
2175 2176
2176 2173
2177 2178
2178 2179
2179 2180
2180 2177
2181 2182
2182 2183
2183 2184
2184 2181
2185 2186
2186 2187
2187 2188
2188 2185
2189 2190
2190 2191
2191 2192
2192 2189
2193 2194
2194 2195
2195 2196
2196 2193
2197 2198
2198 2199
2199 2200
2200 2197
2201 2202
2202 2203
2203 2204
2204 2201
2205 2206
2206 2207
2207 2208
2208 2205
2209 2210
2210 2211
2211 2212
2212 2209
2213 2214
2214 2215
2215 2216
2216 2213
2217 2218
2218 2219
2219 2220
2220 2217
2221 2222
2222 2223
2223 2224
2224 2221
2225 2226
2226 2227
2227 2228
2228 2225
2229 2230
2230 2231
2231 2232
2232 2229
2233 2234
2234 2235
2235 2236
2236 2233
2237 2238
2238 2239
2239 2240
2240 2237
2241 2242
2242 2243
2243 2244
2244 2241
2245 2246
2246 2247
2247 2248
2248 2245
2249 2250
2250 2251
2251 2252
2252 2249
2253 2254
2254 2255
2255 2256
2256 2253
2257 2258
2258 2259
2259 2260
2260 2257
2261 2262
2262 2263
2263 2264
2264 2261
2265 2266
2266 2267
2267 2268
2268 2265
2269 2270
2270 2271
2271 2272
2272 2269
2273 2274
2274 2275
2275 2276
2276 2273
2277 2278
2278 2279
2279 2280
2280 2277
2281 2282
2282 2283
2283 2284
2284 2281
2285 2286
2286 2287
2287 2288
2288 2285
2289 2290
2290 2291
2291 2292
2292 2289
2293 2294
2294 2295
2295 2296
2296 2293
2297 2298
2298 2299
2299 2300
2300 2297
2301 2302
2302 2303
2303 2304
2304 2301
2305 2306
2306 2307
2307 2308
2308 2305
2309 2310
2310 2311
2311 2312
2312 2309
2313 2314
2314 2315
2315 2316
2316 2313
2317 2318
2318 2319
2319 2320
2320 2317
2321 2322
2322 2323
2323 2324
2324 2321
2325 2326
2326 2327
2327 2328
2328 2325
2329 2330
2330 2331
2331 2332
2332 2329
2333 2334
2334 2335
2335 2336
2336 2333
2337 2338
2338 2339
2339 2340
2340 2337
2341 2342
2342 2343
2343 2344
2344 2341
2345 2346
2346 2347
2347 2348
2348 2345
2349 2350
2350 2351
2351 2352
2352 2349
2353 2354
2354 2355
2355 2356
2356 2353
2357 2358
2358 2359
2359 2360
2360 2357
2361 2362
2362 2363
2363 2364
2364 2361
2365 2366
2366 2367
2367 2368
2368 2365
2369 2370
2370 2371
2371 2372
2372 2369
2373 2374
2374 2375
2375 2376
2376 2373
2377 2378
2378 2379
2379 2380
2380 2377
2381 2382
2382 2383
2383 2384
2384 2381
2385 2386
2386 2387
2387 2388
2388 2385
2389 2390
2390 2391
2391 2392
2392 2389
2393 2394
2394 2395
2395 2396
2396 2393
2397 2398
2398 2399
2399 2400
2400 2397
2401 2402
2402 2403
2403 2404
2404 2401
2405 2406
2406 2407
2407 2408
2408 2405
2409 2410
2410 2411
2411 2412
2412 2409
2413 2414
2414 2415
2415 2416
2416 2413
2417 2418
2418 2419
2419 2420
2420 2417
2421 2422
2422 2423
2423 2424
2424 2421
2425 2426
2426 2427
2427 2428
2428 2425
2429 2430
2430 2431
2431 2432
2432 2429
2433 2434
2434 2435
2435 2436
2436 2433
2437 2438
2438 2439
2439 2440
2440 2437
2441 2442
2442 2443
2443 2444
2444 2441
2445 2446
2446 2447
2447 2448
2448 2445
2449 2450
2450 2451
2451 2452
2452 2449
2453 2454
2454 2455
2455 2456
2456 2453
2457 2458
2458 2459
2459 2460
2460 2457
2461 2462
2462 2463
2463 2464
2464 2461
2465 2466
2466 2467
2467 2468
2468 2465
2469 2470
2470 2471
2471 2472
2472 2469
2473 2474
2474 2475
2475 2476
2476 2473
2477 2478
2478 2479
2479 2480
2480 2477
2481 2482
2482 2483
2483 2484
2484 2481
2485 2486
2486 2487
2487 2488
2488 2485
2489 2490
2490 2491
2491 2492
2492 2489
2493 2494
2494 2495
2495 2496
2496 2493
2497 2498
2498 2499
2499 2500
2500 2497
2501 2502
2502 2503
2503 2504
2504 2501
2505 2506
2506 2507
2507 2508
2508 2505
2509 2510
2510 2511
2511 2512
2512 2509
2513 2514
2514 2515
2515 2516
2516 2513
2517 2518
2518 2519
2519 2520
2520 2517
2521 2522
2522 2523
2523 2524
2524 2521
2525 2526
2526 2527
2527 2528
2528 2525
2529 2530
2530 2531
2531 2532
2532 2529
2533 2534
2534 2535
2535 2536
2536 2533
2537 2538
2538 2539
2539 2540
2540 2537
2541 2542
2542 2543
2543 2544
2544 2541
2545 2546
2546 2547
2547 2548
2548 2545
2549 2550
2550 2551
2551 2552
2552 2549
2553 2554
2554 2555
2555 2556
2556 2553
2557 2558
2558 2559
2559 2560
2560 2557
2561 2562
2562 2563
2563 2564
2564 2561
2565 2566
2566 2567
2567 2568
2568 2565
2569 2570
2570 2571
2571 2572
2572 2569
2573 2574
2574 2575
2575 2576
2576 2573
2577 2578
2578 2579
2579 2580
2580 2577
2581 2582
2582 2583
2583 2584
2584 2581
2585 2586
2586 2587
2587 2588
2588 2585
2589 2590
2590 2591
2591 2592
2592 2589
2593 2594
2594 2595
2595 2596
2596 2593
2597 2598
2598 2599
2599 2600
2600 2597
2601 2602
2602 2603
2603 2604
2604 2601
2605 2606
2606 2607
2607 2608
2608 2605
2609 2610
2610 2611
2611 2612
2612 2609
2613 2614
2614 2615
2615 2616
2616 2613
2617 2618
2618 2619
2619 2620
2620 2617
2621 2622
2622 2623
2623 2624
2624 2621
2625 2626
2626 2627
2627 2628
2628 2625
2629 2630
2630 2631
2631 2632
2632 2629
2633 2634
2634 2635
2635 2636
2636 2633
2637 2638
2638 2639
2639 2640
2640 2637
2641 2642
2642 2643
2643 2644
2644 2641
2645 2646
2646 2647
2647 2648
2648 2645
2649 2650
2650 2651
2651 2652
2652 2649
2653 2654
2654 2655
2655 2656
2656 2653
2657 2658
2658 2659
2659 2660
2660 2657
2661 2662
2662 2663
2663 2664
2664 2661
2665 2666
2666 2667
2667 2668
2668 2665
2669 2670
2670 2671
2671 2672
2672 2669
2673 2674
2674 2675
2675 2676
2676 2673
2677 2678
2678 2679
2679 2680
2680 2677
2681 2682
2682 2683
2683 2684
2684 2681
2685 2686
2686 2687
2687 2688
2688 2685
2689 2690
2690 2691
2691 2692
2692 2689
2693 2694
2694 2695
2695 2696
2696 2693
2697 2698
2698 2699
2699 2700
2700 2697
2701 2702
2702 2703
2703 2704
2704 2701
2705 2706
2706 2707
2707 2708
2708 2705
2709 2710
2710 2711
2711 2712
2712 2709
2713 2714
2714 2715
2715 2716
2716 2713
2717 2718
2718 2719
2719 2720
2720 2717
2721 2722
2722 2723
2723 2724
2724 2721
2725 2726
2726 2727
2727 2728
2728 2725
2729 2730
2730 2731
2731 2732
2732 2729
2733 2734
2734 2735
2735 2736
2736 2733
2737 2738
2738 2739
2739 2740
2740 2737
2741 2742
2742 2743
2743 2744
2744 2741
2745 2746
2746 2747
2747 2748
2748 2745
2749 2750
2750 2751
2751 2752
2752 2749
2753 2754
2754 2755
2755 2756
2756 2753
2757 2758
2758 2759
2759 2760
2760 2757
2761 2762
2762 2763
2763 2764
2764 2761
2765 2766
2766 2767
2767 2768
2768 2765
2769 2770
2770 2771
2771 2772
2772 2769
2773 2774
2774 2775
2775 2776
2776 2773
2777 2778
2778 2779
2779 2780
2780 2777
2781 2782
2782 2783
2783 2784
2784 2781
2785 2786
2786 2787
2787 2788
2788 2785
2789 2790
2790 2791
2791 2792
2792 2789
2793 2794
2794 2795
2795 2796
2796 2793
2797 2798
2798 2799
2799 2800
2800 2797
2801 2802
2802 2803
2803 2804
2804 2801
2805 2806
2806 2807
2807 2808
2808 2805
2809 2810
2810 2811
2811 2812
2812 2809
2813 2814
2814 2815
2815 2816
2816 2813
2817 2818
2818 2819
2819 2820
2820 2817
2821 2822
2822 2823
2823 2824
2824 2821
2825 2826
2826 2827
2827 2828
2828 2825
2829 2830
2830 2831
2831 2832
2832 2829
2833 2834
2834 2835
2835 2836
2836 2833
2837 2838
2838 2839
2839 2840
2840 2837
2841 2842
2842 2843
2843 2844
2844 2841
2845 2846
2846 2847
2847 2848
2848 2845
2849 2850
2850 2851
2851 2852
2852 2849
2853 2854
2854 2855
2855 2856
2856 2853
2857 2858
2858 2859
2859 2860
2860 2857
2861 2862
2862 2863
2863 2864
2864 2861
2865 2866
2866 2867
2867 2868
2868 2865
2869 2870
2870 2871
2871 2872
2872 2869
2873 2874
2874 2875
2875 2876
2876 2873
2877 2878
2878 2879
2879 2880
2880 2877
2881 2882
2882 2883
2883 2884
2884 2881
2885 2886
2886 2887
2887 2888
2888 2885
2889 2890
2890 2891
2891 2892
2892 2889
2893 2894
2894 2895
2895 2896
2896 2893
2897 2898
2898 2899
2899 2900
2900 2897
2901 2902
2902 2903
2903 2904
2904 2901
2905 2906
2906 2907
2907 2908
2908 2905
2909 2910
2910 2911
2911 2912
2912 2909
2913 2914
2914 2915
2915 2916
2916 2913
2917 2918
2918 2919
2919 2920
2920 2917
2921 2922
2922 2923
2923 2924
2924 2921
2925 2926
2926 2927
2927 2928
2928 2925
2929 2930
2930 2931
2931 2932
2932 2929
2933 2934
2934 2935
2935 2936
2936 2933
2937 2938
2938 2939
2939 2940
2940 2937
2941 2942
2942 2943
2943 2944
2944 2941
2945 2946
2946 2947
2947 2948
2948 2945
2949 2950
2950 2951
2951 2952
2952 2949
2953 2954
2954 2955
2955 2956
2956 2953
2957 2958
2958 2959
2959 2960
2960 2957
2961 2962
2962 2963
2963 2964
2964 2961
2965 2966
2966 2967
2967 2968
2968 2965
2969 2970
2970 2971
2971 2972
2972 2969
2973 2974
2974 2975
2975 2976
2976 2973
2977 2978
2978 2979
2979 2980
2980 2977
2981 2982
2982 2983
2983 2984
2984 2981
2985 2986
2986 2987
2987 2988
2988 2985
2989 2990
2990 2991
2991 2992
2992 2989
2993 2994
2994 2995
2995 2996
2996 2993
2997 2998
2998 2999
2999 3000
3000 2997
2426 2428
797 799
814 813
2169 2172
634 636
850 851
533 536
232 235
823 822
2777 2779
2302 2303
569 572
2361 2363
1023 1024
259 257
1530 1529
508 507
1613 1615
34 35
1828 1826
518 517
1754 1755
1458 1457
1606 1608
1738 1737
991 990
1472 1470
1471 1469
2002 2003
1749 1751
1705 1706
1680 1678
1310 1311
1714 1715
536 535
255 253
1770 1772
2791 2790
1214 1213
2715 2716
1904 1902
225 222
1286 1285
682 681
1806 1808
2482 2483
1959 1958
26 27
1627 1625
368 366
555 553
2620 2618
1234 1233
520 518
263 261
1550 1551
2946 2945
1579 1580
2517 2520
2665 2666
687 685
629 632
1468 1467
280 276
2057 2060
992 989
545 547
203 202
942 943
48 49
2686 2688
1214 1215
1360 1358
2977 2978
2638 2640
492 491
391 389
1321 1323
2892 2891
1009 1010
2364 2362
1962 1964
1542 1543
1407 1406
617 618
1287 1288
1470 1472
2934 2936
650 651
1235 1233
1537 1538
684 681
149 150
59 56
1109 1112
1741 1743
913 915
677 680
2645 2648
547 546
2532 2529
2634 2633
2484 2483
2691 2690
501 502
646 648
2684 2682
1165 1167
2048 2046
1088 1086
2553 2554
2043 2042
2030 2029
2616 2614
2390 2392
1118 1117
2012 2010
34 35
309 312
2317 2318
2257 2260
1850 1849
2267 2268
1716 1715
1110 1111
2297 2300
1457 1458
2214 2216
1420 1418
2675 2674
1322 1324
2154 2155
2915 2913
165 162
1395 1396
2077 2080
2071 2070
2102 2104
721 723
2665 2667
418 420
1669 1671
2792 2790
2935 2934
1082 1084
2572 2569
1048 1046
591 590
2518 2520
626 628
2681 2682
2229 2230
1212 1210
1460 1459
1973 1976
1675 1674
1405 1407
2713 2714
2686 2685
735 734
849 852
2013 2014
1645 1646
145 141
2191 2190
2744 2743
2046 2048
1360 1358
976 975
1093 1095
2051 2050
978 977
15 13
2428 2425
2437 2440
483 482
1401 1402
1498 1500
2975 2974
1731 1730
2563 2564
1873 1874
2448 2445
670 672
1545 1548
1663 1664
523 521
308 307
1696 1695
1930 1931
1627 1625
374 375
2759 2760
2931 2929
1597 1600
832 829
1718 1717
1774 1776
1784 1783
916 915
1211 1210
1894 1893
2214 2216
397 400
2508 2506
1775 1776
2539 2538
418 420
1736 1734
1848 1847
2757 2759
2317 2320
1908 1906
2233 2235
1716 1715
945 948
536 533
557 558
1947 1945
2892 2889
2226 2227
1749 1751
2184 2182
1218 1220
87 89
144 141
762 761
1698 1700
2793 2795
2533 2535
2811 2809
1999 1998
1670 1669
2983 2982
1574 1576
928 925
2404 2403
727 726
2159 2158
2566 2565
900 899
992 990
312 309
1999 1997
2441 2442
1009 1011
1558 1560
2413 2416
533 534
2825 2826
1562 1561
1202 1204
688 687
2700 2698
1678 1679
2157 2159
927 928
2656 2654
2622 2621
2181 2184
1319 1320
1143 1141
984 983
2534 2533
2463 2464
2697 2700
2662 2661
413 416
1576 1575
1874 1873
289 286
2183 2182
2341 2344
2605 2608
2250 2251
888 887
2067 2066
1179 1177
317 319
530 529
2594 2595
2715 2713
2079 2077
1709 1712
2977 2980
2896 2894
1542 1544
2384 2381
385 387
610 609
2908 2907
1034 1036
2471 2470
304 302
438 440
1484 1482
346 347
1261 1263
1223 1224
301 304
2508 2505
1029 1031
1041 1044
1195 1194
2124 2123
1808 1806
2973 2976
1355 1353
1864 1861
1137 1140
2266 2268
858 859
2441 2443
1368 1366
2998 3000
1910 1912
216 217
2848 2846
895 893
647 646
493 495
2259 2260
2065 2067
2492 2490
128 127
993 994
2339 2337
750 751
1006 1005
1853 1855
2162 2164
885 888
625 627
2801 2803
2510 2512
1393 1396
2491 2492
2097 2098
1059 1057
1884 1881
15 13
1287 1288
2718 2720
393 396
2109 2112
2566 2567
1667 1668
892 891
288 287
2233 2236
732 729
1532 1530
2159 2160
1744 1742
2469 2470
2988 2987
2832 2830
2477 2478
2581 2583
421 424
1126 1128
678 680
2675 2674
1271 1272
1231 1232
2947 2945
2811 2809
1053 1054
1312 1311
978 980
1826 1825
1146 1148
907 906
845 846
833 836
2343 2344
1814 1816
55 53
1368 1367
1200 1197
1274 1273
2929 2932
2920 2918
581 583
1433 1434
1072 1070
1624 1622
1153 1154
1041 1043
1390 1392
2751 2752
182 185
967 965
1769 1772
2609 2612
658 660
1963 1964
2972 2969
69 68
225 224
2323 2321
1411 1412
2800 2797
2437 2440
1113 1115
1121 1123
2684 2682
1299 1300
103 105
2350 2349
1740 1737
1983 1982
1413 1414
2235 2234
2988 2987
1059 1060
2228 2225
1519 1518
2970 2969
2689 2692
362 363
602 603
2868 2866
92 93
1397 1399
1988 1985
1835 1836
426 428
826 825
1375 1374
774 773
377 379
2644 2643
2639 2638
2624 2622
813 816
901 904
730 732
2426 2425
436 433
2104 2102
385 388
2188 2187
957 958
929 930
1780 1778
1653 1654
2186 2187
2214 2215
2965 2966
435 433
2049 2052
2235 2236
647 645
1995 1994
1464 1463
1963 1964
2912 2910
2087 2085
2656 2654
159 160
40 36
1017 1018
1857 1860
1401 1402
827 825
314 313
676 675
772 771
2899 2897
102 105
1645 1648
1116 1113
440 437
2532 2529
931 929
302 303
924 923
1301 1304
2653 2654
313 315
661 663
1012 1009
28 26
1264 1263
2873 2875
1102 1104
1499 1497
947 948
1349 1351
1217 1220
1944 1941
1525 1526
1556 1554
2412 2411
1844 1841
1976 1973
1519 1518
2218 2219
1514 1515
1537 1538
2308 2306
2631 2632
1359 1360
2260 2257
2354 2356
2068 2065
1919 1920
1597 1599
1519 1518
840 837
1217 1218
508 506
1322 1321
2861 2864
666 667
2048 2045
2128 2126
1334 1333
2174 2176
2975 2973
2818 2820
1919 1918
1442 1443
2873 2874
167 168
2123 2124
704 701
593 595
2083 2082
2484 2482
1306 1307
235 231
1512 1511
533 536
2700 2698
1246 1248
2889 2891
668 665
2309 2311
2711 2710
1567 1568
420 417
702 701
713 714
731 732
2350 2349
2330 2329
1593 1594
515 513
2224 2223
2734 2736
1297 1299
999 997
469 470
2563 2562
2017 2019
2999 2998
439 440
1660 1658
41 43
355 353
2037 2039
2310 2311
434 435
2921 2922
2964 2962
1370 1371
1465 1466
2700 2698
1444 1443
1788 1786
1090 1091
1333 1336
2741 2742
1340 1338
11 12
419 420
209 210
2841 2844
773 775
2775 2773
670 671
2365 2367
2137 2140
2211 2212
1663 1662
1448 1445
313 316
1376 1373
2397 2399
1925 1928
438 439
578 577
2150 2152
136 138
288 286
2183 2182
214 215
1026 1025
1241 1242
1325 1328
2149 2151
1882 1883
2732 2731
1667 1666
983 984
2673 2674
2691 2692
2349 2351
1522 1523
2514 2513
1203 1201
2982 2981
2718 2717
2759 2760
1730 1732
2752 2749
1504 1501
840 838
1426 1427
1916 1913
2051 2050
2951 2952
1201 1204
409 411
2406 2405
390 392
1851 1850
2621 2622
1894 1893
1948 1946
2057 2058
1071 1070
1768 1765
2220 2217
332 330
1091 1089
1000 999
950 951
827 825
2836 2833
2192 2189
2149 2152
358 357
1912 1909
906 907
1559 1560
2143 2142
1121 1123
86 89
2985 2987
758 759
1041 1043
1898 1900
106 107
1974 1975
242 243
1900 1897
2928 2925
2358 2360
2874 2873
2638 2639
708 705
2350 2352
2931 2932
1622 1624
2807 2806
1227 1226
486 488
1164 1163
1863 1861
1032 1030
1025 1026
1737 1740
574 575
1061 1063
2875 2876
2292 2291
183 181
1176 1175
2215 2216
1241 1243
1666 1665
153 152
2225 2227
2728 2727
1345 1348
29 27
501 503
848 846
2238 2240
2036 2035
1567 1565
1364 1362
1705 1708
1521 1522
2054 2053
2607 2605
2056 2055
1540 1538
2088 2087
2185 2187
1320 1318
650 649
2288 2286
379 377
2240 2239
2283 2282
537 538
606 605
1783 1784
1008 1006
2440 2439
2701 2704
1680 1679
2887 2886
627 625
2394 2395
1547 1546
1741 1743
1925 1928
1163 1162
1809 1812
2410 2409
35 31
34 31
1380 1378
1139 1138
309 311
1779 1780
2412 2411
1888 1886
2816 2815
678 679
1494 1495
371 370
662 663
13 11
2946 2945
2215 2216
813 814
762 764
2476 2475
917 918
1221 1223
1455 1454
672 670
604 601
594 593
266 268
1644 1641
318 320
93 94
891 890
2562 2563
2407 2406
2337 2339
2911 2912
619 620
899 900
1734 1736
1398 1400
2176 2175
10 6
587 588
921 924
2093 2095
2351 2350
2642 2644
2080 2077
2198 2200
2882 2881
1433 1435
1310 1312
2121 2123
2428 2427
232 235
972 970
1847 1846
1798 1800
2963 2961
1565 1568
2539 2540
2786 2787
1425 1428
505 506
883 884
119 120
373 376
2898 2899
68 70
1281 1284
2545 2546
2171 2170
2412 2409
743 744
2466 2467
247 249
216 217
2810 2811
1119 1120
1627 1628
1746 1748
2314 2313
991 992
926 927
1989 1990
2514 2515
1547 1546
1632 1629
2393 2396
159 160
2000 1997
2719 2718
1031 1030
1916 1914
1090 1091
1132 1131
719 717
841 844
1947 1946
1661 1663
819 817
2186 2187
1796 1794
580 578
2936 2933
428 426
2250 2251
1321 1323
1075 1074
203 204
2174 2173
504 501
2136 2133
1744 1743
210 208
1834 1833
412 410
2826 2828
1811 1810
2081 2084
1658 1657
2377 2378
2329 2332
387 386
2893 2895
2975 2973
1106 1105
1661 1662
361 363
2651 2650
577 579
382 384
378 380
196 197
1476 1475
68 66
779 777
1059 1060
596 594
2291 2289
920 919
1043 1042
482 484
579 580
1498 1500
1289 1290
121 124
2293 2295
1445 1446
1625 1627
1626 1625
2344 2341
1027 1025
573 574
1775 1774
1910 1911
1863 1862
449 452
1520 1518
2053 2054
2305 2306
572 571
1081 1084
2359 2358
1263 1262
752 749
2693 2694
161 163
2130 2132
1129 1132
2822 2821
2757 2758
2297 2300
2027 2028
789 792
2821 2824
614 616
1160 1157
2317 2320
1582 1584
2111 2110
2691 2690
935 933
2724 2721
2466 2465
279 276
2006 2005
2997 2999
2058 2060
855 854
1486 1487
793 794
236 237
2825 2828
2673 2675
1730 1732
258 256
426 425
2149 2151
2431 2429
269 266
271 273
658 660
2175 2174
1822 1823
130 127
1372 1369
1059 1057
2369 2370
685 686
2139 2138
1122 1123
2204 2202
2254 2255
397 399
699 697
2982 2983
2829 2830
2370 2369
427 426
1580 1579
128 130
1464 1461
2520 2519
709 710
2633 2634
1564 1563
1038 1039
2945 2947
180 176
1966 1967
31 34
73 75
1398 1397
1127 1128
1197 1198
1297 1298
1097 1098
2316 2314
144 143
2587 2585
2442 2444
1311 1312
1608 1606
2981 2983
260 257
1896 1894
432 431
1475 1474
2793 2795
1277 1279
2320 2317
962 963
1058 1057
1981 1984
2796 2794
2658 2660
2189 2192
2208 2207
1745 1746
2596 2594
1158 1157
192 193
107 109
2312 2310
941 942
732 731
1241 1243
1541 1542
2807 2805
1369 1371
2318 2320
2675 2673
2817 2820
270 268
832 830
2800 2798
1920 1919
101 103
1673 1674
2016 2014
222 224
938 940
746 745
1249 1252
2786 2787
2709 2711
2540 2539
352 349
2192 2190
77 79
1359 1357
391 389
203 205
1728 1726
204 203
762 764
1984 1982
2216 2214
1318 1317
1524 1523
2202 2203
143 141
2640 2637
123 124
2363 2361
66 67
1021 1022
1223 1222
2735 2733
1110 1112
999 998
2748 2745
2449 2451
2543 2544
1634 1636
1101 1104
2584 2582
721 724
1519 1520
1381 1383
2863 2861
1592 1591
2693 2694
1290 1292
303 301
1640 1637
2379 2378
1336 1335
1426 1427
685 686
2231 2229
1206 1207
1648 1645
2980 2979
2569 2572
2455 2456
1181 1182
789 791
2160 2157
2145 2146
1748 1745
2462 2463
1090 1089
1331 1332
1069 1071
2991 2992
2768 2767
1084 1082
506 507
1768 1765
2655 2653
754 756
1100 1099
2617 2619
1991 1990
1768 1766
1878 1877
1568 1567
2155 2153
586 588
120 116
2050 2052
2877 2878
957 960
649 652
726 725
35 33
538 540
2788 2787
2051 2052
2951 2950
1186 1187
25 23
1204 1201
1608 1605
843 844
2342 2343
1270 1269
1661 1663
958 959
2876 2874
2541 2543
1768 1765
1588 1587
1122 1124
899 900
1186 1187
2215 2216
2279 2277
2658 2657
618 619
1602 1604
1089 1091
1806 1808
1275 1276
952 950
212 215
2264 2263
1768 1765
2457 2460
942 944
2473 2474
956 955
2045 2048
1095 1093
1128 1127
2200 2199
2357 2360
1825 1828
1202 1203
715 716
1289 1292
395 393
483 484
1054 1053
1280 1277
66 70
734 736
243 245
666 667
2505 2506
2752 2749
1872 1871
1597 1598
2440 2437
744 743
2831 2832
1750 1749
819 817
984 982
1276 1274
2720 2719
866 867
2998 2997
1745 1746
2746 2745
830 829
1401 1404
1653 1655
1493 1495
770 772
949 950
1580 1577
2140 2138
2725 2727
444 443
2046 2045
6 8
2930 2931
2358 2359
1327 1326
1884 1881
1291 1290
1332 1331
2796 2794
408 405
813 816
1296 1295
2787 2785
2858 2860
2646 2645
2355 2353
1098 1100
472 469
1894 1895
277 276
2720 2717
1652 1649
2046 2045
2993 2996
785 788
1861 1862
50 49
1790 1789
30 29
2955 2953
1639 1640
2781 2782
1582 1583
445 446
1312 1310
2469 2471
1216 1215
633 635
2786 2788
244 245
2833 2836
1654 1655
28 29
571 572
2767 2768
217 216
2479 2480
1278 1279
1064 1063
635 634
140 139
867 865
2446 2447
2075 2074
2181 2184
2734 2736
1434 1435
2042 2044
2209 2212
1988 1985
2361 2363
1355 1356
2665 2666
2139 2140
2391 2389
159 156
2910 2912
2656 2653
1377 1380
315 313
724 721
424 423
2441 2443
2439 2440
1944 1942
625 626
2818 2820
1483 1481
1089 1091
1075 1076
1697 1698
2561 2564
2963 2961
2128 2127
1255 1253
2482 2483
1202 1201
1808 1805
317 318
1387 1385
493 495
1424 1422
1697 1700
338 340
2577 2578
2338 2337
2784 2782
887 886
240 236
690 689
1261 1264
1191 1189
89 90
2859 2860
1915 1916
2869 2872
2726 2727
2496 2494
1542 1543
1691 1690
2308 2306
2504 2502
474 475
380 377
2047 2045
1766 1768
1996 1995
850 851
1013 1015
2784 2783
1259 1258
2530 2532
2253 2254
2323 2324
2900 2898
175 172
2794 2793
2711 2709
2745 2747
1364 1363
464 462
2866 2868
1216 1214
2217 2218
2763 2764
2050 2051
2346 2348
1891 1889
1841 1842
2785 2788
324 321
165 161
925 927
1093 1095
1135 1134
2758 2757
2674 2675
732 729
996 995
292 291
1843 1842
1404 1403
1358 1359
2381 2383
2270 2271
2098 2099
2188 2185
783 784
2087 2088
120 117
520 517
2816 2813
551 550
1394 1393
1051 1050
2587 2586
960 957
53 54
2668 2666
1541 1542
2114 2115
2838 2839
683 681
1551 1552
1808 1807
1327 1328
2600 2597
2853 2854
980 977
2237 2239
1671 1670
974 975
1160 1158
1841 1843
830 832
2003 2001
1784 1781
417 420
1468 1466
2792 2791
2466 2465
1699 1697
735 734
2152 2150
375 373
519 518
2840 2839
2925 2928
1175 1176
2583 2581
2101 2103
504 502
2915 2914
1828 1825
1261 1264
347 348
1334 1333
855 854
2664 2663
150 147
1424 1422
1727 1726
2824 2821
2157 2159
2935 2936
1916 1913
491 490
2228 2225
82 81
1170 1172
263 264
1210 1211
2337 2339
1549 1552
1763 1761
249 247
1403 1404
2037 2038
2666 2667
1170 1169
309 311
1157 1159
465 468
241 245
1717 1719
1176 1174
2941 2942
2621 2624
364 361
2423 2422
2278 2277
1322 1323
801 803
900 899
2883 2884
1933 1934
2907 2906
2667 2666
1541 1543
443 442
310 309
1600 1598
1641 1642
436 434
1875 1876
1941 1942
2028 2026
1595 1596
566 567
1640 1637
1342 1344
2561 2562
1316 1314
2103 2104
2220 2218
1394 1393
1018 1017
851 849
2880 2877
289 287
2740 2737
741 744
2696 2693
2555 2554
534 533
727 728
670 672
1240 1237
287 286
1957 1958
1354 1355
1875 1874
2474 2475
2316 2313
2027 2026
2299 2297
92 91
881 882
1649 1651
2022 2023
387 386
2697 2698
2595 2593
2222 2224
669 671
688 687
603 602
2273 2274
321 322
2152 2151
1019 1020
2363 2361
498 497
484 481
2086 2088
2187 2186
996 995
2639 2638
343 341
910 912
897 898
1294 1293
1104 1103
1447 1445
2050 2052
1888 1885
2639 2638
1466 1465
2359 2360
2348 2345
888 885
1039 1037
1047 1048
1436 1434
39 40
348 345
1534 1533
1121 1123
1796 1795
1478 1479
126 128
2226 2225
1218 1219
2535 2533
574 573
2992 2991
2450 2451
510 512
955 954
723 721
869 872
514 516
176 180
609 611
189 186
696 694
466 465
457 458
676 675
1843 1844
59 57
346 347
1835 1834
2952 2949
2753 2755
925 926
1185 1186
813 816
1592 1590
1498 1500
895 893
2440 2439
1697 1699
1252 1250
1924 1923
1704 1702
92 95
1159 1160
1142 1143
377 378
818 817
360 357
1431 1429
2698 2699
2749 2750
626 628
981 982
1156 1153
1399 1398
862 863
2148 2146
1188 1186
941 943
864 862
2674 2676
827 825
352 350
2622 2623
1367 1368
1775 1774
1633 1636
492 489
939 938
728 725
2177 2180
1268 1266
1443 1441
1562 1561
480 477
2616 2613
1972 1969
2542 2541
2349 2351
598 597
2163 2162
451 450
269 266
236 237
1007 1005
431 430
1101 1103
1283 1282
146 150
247 246
462 463
2115 2116
39 36
2528 2527
2231 2230
1566 1568
91 94
1002 1003
2508 2505
2447 2445
1422 1423
2189 2190
2760 2757
1505 1508
2855 2854
2716 2715
1548 1545
2895 2893
55 51
373 375
3 5
81 82
1968 1966
2425 2426
898 900
1800 1798
407 408
2675 2673
2111 2110
236 239
1630 1629
2010 2012
2322 2324
2783 2782
880 877
2924 2923
1798 1797
283 285
320 319
937 940
115 114
503 502
489 492
1894 1896
1506 1508
2210 2211
1269 1270
780 777
712 710
1257 1258
1532 1530
2272 2270
248 247
336 335
936 935
2817 2820
600 597
1403 1402
1522 1523
775 774
462 463
2271 2270
878 879
2984 2981
24 22
961 964
2297 2299
2263 2261
1828 1827
791 790
633 634
1832 1829
141 143
884 881
4 2
964 963
661 664
1990 1989
845 848
40 39
1964 1963
100 99
2705 2706
441 442
235 233
170 167
625 626
2030 2031
1345 1347
2922 2924
1220 1217
552 550
2619 2617
578 580
2256 2253
2529 2532
2930 2929
2954 2956
1023 1021
2607 2605
600 597
979 977
1818 1819
1713 1714
1304 1301
2070 2069
1303 1304
535 536
1611 1612
569 572
35 33
637 638
419 420
510 509
2194 2196
890 891
1638 1637
2540 2539
2441 2444
2328 2325
485 486
1054 1056
1070 1072
1890 1892
2886 2887
2734 2733
855 856
453 454
1116 1115
1954 1953
1913 1916
2084 2081
2736 2734
305 307
911 910
1825 1826
2959 2958
2515 2514
1473 1475
2400 2399
631 630
2759 2757
80 76
2935 2933
2417 2419
2179 2178
1507 1506
922 924
366 367
1633 1636
2541 2543
2047 2046
1332 1331
757 759
2579 2578
1287 1285
1849 1851
568 567
1665 1668
2586 2585
2434 2436
2813 2816
91 92
1129 1131
1361 1362
1510 1511
2917 2920
514 513
1584 1581
929 932
2165 2168
1977 1979
1432 1429
1240 1237
1413 1415
2734 2736
1122 1121
2610 2611
1934 1935
2566 2568
2101 2104
2347 2346
2060 2059
1597 1598
162 165
2002 2003
1101 1102
1659 1657
918 920
2645 2647
333 334
2392 2390
1444 1443
2595 2596
2449 2452
2027 2026
349 351
1102 1103
2027 2025
873 874
2412 2411
966 967
1779 1777
1789 1790
2685 2686
2490 2489
2263 2264
2075 2074
885 886
1392 1390
1186 1188
2348 2346
1539 1538
2305 2307
2082 2081
913 916
2091 2092
956 955
2709 2711
1425 1428
1363 1361
1776 1774
1530 1532
2430 2429
1720 1717
257 259
2632 2631
1132 1130
1299 1297
2874 2875
2981 2983
1849 1852
144 141
303 302
1064 1062
122 125
2814 2816
2015 2016
2477 2480
1054 1056
381 383
1416 1414
1320 1317
1569 1571
2168 2166
1539 1537
699 700
2916 2913
1620 1617
1571 1570
2754 2753
1594 1596
879 880
2111 2112
2625 2628
1271 1270
1215 1213
2350 2351
2011 2012
1734 1733
1752 1749
1423 1421
925 928
728 726
1838 1839
1131 1129
2876 2875
2689 2691
1455 1454
2409 2412
1433 1434
946 945
2005 2006
1082 1081
467 465
1633 1634
861 862
2036 2035
2816 2814
436 433
1865 1866
1458 1460
2213 2214
2305 2308
1636 1635
2668 2667
242 245
2504 2503
520 517
320 318
2816 2815
601 603
2044 2042
405 408
1919 1918
1397 1400
2826 2828
2303 2301
2247 2245
598 597
2643 2641
2942 2944
2208 2206
1342 1341
2945 2948
2777 2779
1292 1291
1449 1450
1708 1706
812 810
2750 2749
899 898
1881 1883
376 375
2992 2991
2881 2882
2213 2216
2406 2408
702 703
1838 1839
2496 2493
1982 1983
793 796
1535 1533
2686 2688
2726 2725
1646 1645
472 469
1993 1994
1401 1404
2903 2902
2137 2139
2329 2330
81 85
2529 2530
525 527
237 240
1765 1768
906 905
585 588
1662 1661
2069 2070
2972 2971
2962 2963
2288 2286
830 832
346 345
1776 1774
348 347
570 569
1507 1506
2494 2496
887 885
338 337
2003 2001
2396 2394
1355 1356
2357 2360
1979 1977
1400 1398
1595 1594
1716 1715
2389 2390
1641 1643
477 479
1496 1493
2884 2882
1459 1458
2041 2042
1284 1282
2305 2307
1950 1952
640 637
783 784
1985 1988
1314 1316
1101 1103
29 26
2550 2549
1171 1170
2957 2960
117 119
392 389
2010 2009
1564 1563
1918 1917
1453 1454
2523 2521
1061 1064
1838 1837
2629 2632
678 679
945 947
833 835
2763 2761
2026 2027
2469 2470
1409 1411
2559 2560
1026 1025
2544 2541
1465 1466
1144 1141
794 795
637 639
761 762
401 404
2935 2936
846 845
1 2
423 424
2140 2139
1331 1332
523 524
1019 1017
1742 1743
2897 2900
301 303
527 525
2743 2744
140 137
1302 1301
84 83
2445 2446
315 314
1340 1337
2110 2109
336 334
2183 2184
719 717
1523 1522
2573 2575
1963 1962
427 426
2564 2562
2894 2895
2602 2601
2863 2861
182 185
1102 1101
2790 2791
2710 2712
1211 1210
2988 2985
1721 1724
1420 1419
2931 2930
1250 1249
2190 2191
1901 1904
2344 2343
2694 2696
2307 2306
1799 1800
2865 2868
2738 2740
347 348
1281 1283
1213 1215
1249 1251
1501 1502
2718 2717
2090 2091
2637 2638
1222 1224
641 643
109 107
3000 2998
2703 2702
2913 2915
1175 1173
202 205
2589 2590
990 992
651 649
2241 2244
2904 2902
1166 1167
1362 1361
616 614
2777 2779
2983 2982
1612 1611
1771 1769
2935 2934
2448 2447
59 56
52 53
2551 2549
2231 2230
754 755
745 747
1771 1770
1484 1481
527 525
313 316
760 757
2616 2615
1658 1659
244 243
172 173
1695 1693
587 586
1010 1012
2486 2487
718 720
486 485
2595 2593
1254 1253
2847 2845
2571 2569
1579 1577
2225 2228
2094 2095
180 179
2617 2619
845 848
1775 1773
1703 1701
1969 1970
1333 1334
2439 2438
2871 2870
1267 1266
1297 1300
946 945
2609 2610
2120 2119
2916 2913
1799 1800
478 480
570 569
446 445
300 298
2206 2205
117 119
1967 1968
1321 1322
2496 2493
952 950
2655 2656
2283 2281
736 734
818 817
907 906
2508 2507
486 488
31 35
2061 2064
208 209
1967 1968
1109 1111
993 994
2013 2015
272 275
921 924
1411 1409
1959 1960
2678 2679
2590 2589
1354 1353
2453 2455
2005 2007
1609 1612
238 239
661 664
2952 2951
28 29
1439 1440
1471 1470
2775 2773
1740 1739
2301 2303
1914 1916
2820 2817
2788 2787
1843 1842
1677 1680
1395 1394
58 60
1051 1052
965 966
1030 1029
2369 2372
848 846
2504 2503
1034 1035
640 638
1416 1414
429 430
922 923
610 612
2045 2047
1631 1630
2705 2708
1828 1827
2447 2446
2909 2911
1267 1266
1785 1787
920 918
1481 1482
307 306
2426 2427
2672 2669
1247 1245
1925 1927
192 193
125 122
579 577
2816 2815
1272 1271
1149 1150
75 71
182 181
220 219
1571 1572
2662 2664
1894 1893
2199 2197
2280 2278
694 693
840 838
1494 1495
1276 1273
361 364
2511 2510
672 670
506 508
1738 1740
2582 2581
758 757
1444 1442
761 763
2800 2798
1199 1198
345 348
1652 1649
747 746
370 371
1731 1730
1856 1855
981 983
54 55
822 823
1892 1891
2604 2603
407 405
1695 1694
196 198
823 822
376 375
2374 2376
2875 2876
1747 1745
1191 1189
241 242
1979 1978
1795 1796
910 912
158 160
1497 1500
326 327
1344 1343
687 686
1104 1102
2442 2443
1561 1564
311 310
2671 2669
596 594
1731 1732
1475 1474
2383 2382
1077 1080
1446 1448
1568 1565
1209 1210
1011 1010
2384 2382
1269 1272
2850 2851
1162 1161
630 629
94 93
2926 2928
2343 2341
2134 2133
2816 2813
936 934
2610 2612
77 80
1764 1762
1849 1852
2350 2351
985 988
914 916
743 742
2997 2999
769 771
2574 2576
1046 1047
245 244
2159 2158
2901 2902
2358 2360
1241 1244
2513 2514
1416 1413
1562 1563
2588 2586
722 723
508 505
574 576
1979 1980
1440 1438
349 350
91 95
2815 2814
96 99
1436 1434
935 934
1634 1635
2658 2657
160 158
1684 1682
155 154
774 775
2312 2310
2269 2271
1789 1790
469 471
1583 1581
416 415
2140 2137
979 977
964 963
2548 2547
2850 2849
2332 2331
1874 1873
2254 2256
1201 1204
1961 1963
1085 1086
2492 2490
1280 1279
977 980
1187 1188
2793 2795
495 496
1133 1135
490 489
1870 1871
651 649
941 943
1588 1585
655 656
1714 1716
680 677
2822 2821
2005 2006
970 972
861 862
803 804
2302 2303
2516 2514
2380 2377
260 257
750 752
561 564
421 424
1105 1108
2082 2083
1232 1229
1913 1915
1274 1273
887 885
7 8
1796 1794
1915 1916
2080 2079
11 12
2191 2189
746 748
2124 2121
1578 1577
646 645
33 31
1462 1461
1161 1162
2522 2524
2814 2816
132 131
314 316
2903 2904
1555 1556
2023 2021
1511 1510
1494 1493
1637 1638
68 69
2023 2024
1165 1166
2142 2144
2325 2326
43 45
1413 1414
549 551
1255 1253
970 969
5 1
1141 1144
901 902
2242 2244
2454 2456
1265 1267
2298 2299
1617 1618
1304 1303
805 806
1436 1433
1360 1359
1614 1613
1259 1257
1649 1652
485 488
339 340
2869 2872
2515 2513
2347 2346
7 6
377 380
659 657
310 311
1680 1678
1178 1177
1535 1534
1268 1265
1220 1217
2559 2557
414 413
112 111
2928 2925
2708 2707
1571 1569
2126 2125
2978 2980
1551 1549
1064 1061
2530 2531
1713 1714
2362 2363
778 777
1432 1430
713 714
203 201
1442 1441
1073 1075
2664 2661
1591 1589
588 586
197 199
485 487
2334 2336
2664 2661
1302 1303
310 311
1015 1014
32 33
1736 1735
1249 1250
2416 2413
128 126
934 933
2764 2761
1706 1707
1071 1072
623 622
1055 1056
1878 1877
1849 1852
846 845
1414 1416
2171 2169
2935 2933
2281 2284
502 501
1972 1970
2001 2003
1969 1971
946 945
1914 1916
1489 1491
1167 1166
383 381
530 529
625 628
2327 2328
384 381
1961 1962
1158 1160
1628 1625
565 566
2887 2886
858 859
2740 2738
1061 1063
301 302
856 853
913 915
1228 1226
2791 2792
1431 1430
2264 2261
456 454
391 389
1828 1826
1645 1648
1614 1616
596 595
2847 2848
250 246
1764 1761
1859 1860
1235 1233
29 28
2563 2562
74 75
2916 2913
2489 2492
1557 1560
2508 2506
294 292
1128 1127
504 502
927 925
1732 1729
2761 2763
440 438
588 586
420 419
2363 2361
2304 2303
574 576
1377 1378
1234 1236
2785 2787
2223 2224
2945 2947
1084 1082
786 785
1197 1200
2427 2425
117 118
2793 2794
2980 2977
1613 1615
86 88
1726 1727
1261 1264
2724 2723
602 604
1653 1655
1514 1515
1621 1622
2594 2596
1518 1519
2141 2143
33 31
789 791
1928 1926
1440 1437
433 434
2364 2361
87 86
866 867
2033 2035
2076 2075
1316 1313
931 929
2379 2378
2887 2886
712 709
565 568
2379 2380
661 662
2909 2912
2386 2385
1806 1805
2549 2550
2841 2842
489 490
1546 1547
1000 997
2223 2221
246 248
1191 1190
2596 2595
829 831
2548 2546
2851 2852
937 940
1243 1242
624 621
1849 1850
1007 1005
2198 2199
916 915
914 913
4 5
2330 2329
551 552
1454 1455
296 298
1296 1295
750 751
1915 1913
399 398
1203 1204
2784 2783
1263 1262
1109 1110
96 98
471 472
2871 2869
1268 1267
2375 2374
1753 1755
653 656
965 967
2653 2654
2589 2591
421 422
1559 1557
1982 1981
2201 2204
1425 1427
1770 1772
1732 1731
2471 2472
1478 1479
1648 1645
314 313
533 536
758 759
2903 2901
1961 1963
9 8
2501 2502
384 382
2060 2057
2351 2350
2179 2177
969 972
2093 2094
2557 2558
1398 1399
2302 2301
2712 2710
1705 1708
2070 2069
2224 2222
2007 2005
902 904
1062 1061
2610 2611
1894 1893
2623 2622
2776 2774
1537 1540
2653 2656
2391 2390
662 663
2565 2568
2476 2473
2985 2986
1668 1667
2713 2714
2006 2008
581 584
2952 2951
704 701
1139 1140
2404 2402
1721 1724
2662 2661
2046 2045
2603 2601
863 861
2478 2477
2071 2070
2068 2067
2387 2386
2962 2961
2681 2682
408 405
2742 2741
1074 1073
900 898
1073 1075
1437 1440
2222 2223
2503 2502
2916 2913
2651 2652
1206 1205
735 733
2818 2817
1263 1264
1429 1431
1759 1758
744 742
814 816
1830 1831
2832 2829
2601 2603
2188 2185
1374 1375
995 994
622 621
2114 2115
1612 1611
2589 2590
1824 1823
1799 1800
2011 2009
2346 2347
2431 2429
2004 2003
810 809
1297 1300
1218 1219
1201 1202
656 654
1308 1306
922 921
72 73
2249 2250
2116 2115
1834 1833
1977 1980
1193 1196
1521 1524
2726 2728
861 863
2912 2910
2351 2349
1827 1826
2222 2221
2284 2282
156 159
1927 1926
290 288
1948 1946
2466 2467
263 265
2971 2972
2830 2831
2357 2360
2155 2156
1443 1441
1012 1009
2278 2279
1043 1044
1363 1362
1373 1374
1085 1086
1317 1320
1420 1419
2396 2393
379 380
2285 2287
2823 2824
2001 2003
560 557
443 441
356 355
1458 1460
2593 2595
67 69
1272 1271
1500 1499
874 875
1396 1394
561 563
1558 1560
1640 1639
2602 2604
2966 2965
2708 2707
1967 1968
466 467
2916 2915
1592 1590
1910 1909
2613 2616
1333 1336
1065 1066
2409 2410
632 631
66 68
535 533
2563 2564
1835 1834
1537 1540
1069 1072
1614 1616
2387 2385
2943 2941
445 447
1007 1006
1486 1488
1327 1325
1512 1510
2811 2810
558 560
369 372
1106 1107
367 366
2367 2368
2078 2079
2588 2585
104 103
264 261
1120 1118
1209 1210
1211 1212
2265 2267
1123 1124
1855 1856
707 708
2171 2169
408 407
2565 2567
2529 2532
2037 2039
2541 2542
1461 1464
2297 2300
2222 2224
851 852
1496 1495
1587 1585
515 516
1074 1076
1186 1187
1091 1089
2946 2948
2503 2502
1125 1126
1438 1437
728 725
2513 2516
480 478
435 436
1314 1315
2203 2201
2060 2058
176 178
1013 1014
2945 2946
483 484
380 377
694 695
2399 2397
1638 1640
1978 1977
615 613
1388 1387
981 982
1319 1320
2180 2179
1564 1562
46 47
1626 1625
2636 2634
266 270
771 769
185 183
2540 2538
398 400
705 706
2380 2377
532 531
1109 1112
1894 1896
2508 2506
2912 2910
1484 1481
1992 1991
2506 2505
1615 1614
1402 1403
1405 1406
1524 1521
1927 1928
521 523
2152 2151
1920 1917
1726 1728
800 799
2162 2161
1625 1627
2143 2144
1879 1877
609 611
876 873
1671 1669
1875 1876
305 307
209 210
611 610
26 29
2076 2073
369 372
689 692
2645 2648
2909 2911
1673 1675
1312 1309
2186 2188
1431 1429
2836 2835
2107 2105
2779 2778
2594 2595
1742 1743
1486 1487
1377 1378
1286 1287
364 363
527 526
1837 1838
2238 2239
2996 2993
1418 1420
1558 1559
2014 2013
589 591
253 255
2526 2525
1216 1214
944 941
434 436
2224 2222
1600 1599
2556 2555
707 708
87 86
1741 1742
1284 1282
2352 2349
1151 1149
317 319
1285 1288
1099 1097
2282 2281
1152 1149
43 44
2733 2735
620 617
2577 2578
329 331
2620 2617
2069 2070
2843 2842
30 26
1262 1263
2045 2048
2539 2538
2624 2622
1939 1940
2413 2414
2938 2937
290 288
1630 1631
956 955
2154 2155
450 449
2415 2413
2332 2331
2639 2640
2941 2943
2767 2765
2723 2721
1647 1646
922 921
850 849
1325 1327
1965 1967
1562 1561
2213 2215
2512 2509
2518 2520
1800 1799
2346 2348
2008 2006
2144 2142
2562 2561
673 674
119 118
553 554
184 183
510 509
2279 2278
2980 2977
2281 2282
1935 1934
398 399
1580 1577
178 176
2808 2807
1897 1899
1356 1353
753 756
2350 2349
1630 1631
1616 1615
1319 1317
1312 1311
1732 1731
1266 1268
20 18
638 639
1344 1341
2487 2485
1287 1285
335 336
120 118
638 639
1606 1607
499 500
1063 1064
2204 2201
237 236
2680 2677
791 790
1214 1216
2050 2051
691 692
2859 2860
2599 2597
1135 1136
715 714
1963 1964
2454 2453
2241 2242
283 285
997 998
543 542
971 969
1070 1069
2331 2329
2482 2483
2553 2556
1799 1800
536 535
2203 2204
1377 1379
2785 2786
304 301
771 770
1445 1446
2357 2360
1963 1964
1349 1350
111 115
2931 2930
706 708
960 957
1894 1895
2138 2140
2527 2528
1403 1402
2538 2540
419 417
822 824
2249 2252
494 493
4 2
2104 2102
1110 1112
1003 1004
2933 2934
2539 2538
1485 1488
2247 2246
2218 2219
1380 1379
638 639
2041 2043
447 445
573 576
2650 2652
2622 2624
1715 1713
1350 1351
2269 2271
513 514
2114 2113
1837 1838
612 609
2442 2441
2816 2814
117 119
2773 2774
1229 1232
2768 2767
1686 1687
1745 1748
2139 2138
2869 2872
1817 1820
1215 1216
460 459
233 232
699 700
905 908
2853 2854
2592 2589
2759 2758
1664 1663
1334 1333
1175 1174
2891 2889
984 981
2777 2779
389 392
1095 1096
2063 2061
258 257
2067 2065
2314 2315
2900 2898
2711 2710
393 396
1223 1221
2979 2977
369 370
1317 1320
1453 1454
2640 2637
2515 2513
414 416
2417 2419
2448 2446
2282 2284
867 865
2831 2829
1156 1153
1438 1437
926 925
378 379
2992 2990
2508 2505
1398 1399
776 775
770 769
1625 1628
79 77
2780 2778
2395 2393
2799 2798
2 4
1798 1797
2850 2849
2209 2211
1756 1753
734 736
1112 1111
1121 1122
1451 1449
877 880
1677 1680
1228 1226
1012 1011
1751 1752
2140 2138
2240 2237
2944 2942
2494 2496
2110 2112
1951 1952
1030 1029
409 411
1488 1485
1230 1232
862 864
666 668
404 401
1408 1407
1021 1023
2816 2813
1696 1695
1 3
2852 2849
132 131
1710 1711
418 417
2201 2204
307 306
1930 1932
2338 2340
1242 1241
2464 2462
679 680
1195 1194
2708 2705
1595 1594
1908 1905
2839 2840
1434 1436
517 520
2530 2531
2026 2027
1424 1421
2988 2986
740 738
159 156
2040 2037
2172 2170
86 90
1866 1868
1434 1435
2783 2782
121 123
1811 1810
315 313
766 767
819 820
2549 2550
2238 2240
1825 1826
1282 1281
2759 2760
1952 1949
2424 2422
1377 1378
1631 1632
1242 1244
2192 2191
1438 1437
1176 1173
1750 1752
1383 1381
538 537
2836 2834
2549 2551
1917 1918
1576 1573
1129 1131
2062 2061
2797 2800
2668 2665
1476 1475
388 386
2311 2312
2569 2570
1148 1146
104 105
1293 1295
1744 1741
2416 2415
38 39
1679 1677
1864 1862
1436 1435
185 181
1614 1616
2772 2771
1269 1271
2068 2066
740 737
2526 2527
2790 2791
2703 2701
347 345
2118 2117
1288 1285
1482 1481
29 30
1412 1409
2072 2070
1522 1521
921 922
679 677
679 678
2548 2547
2439 2440
2243 2242
415 413
912 910
2806 2807
1637 1638
2021 2023
2401 2404
1753 1755
581 582
3000 2997
2446 2445
2720 2717
2794 2796
2242 2244
1811 1812
739 737
2224 2221
1306 1307
2071 2072
980 977
2989 2990
1799 1798
866 868
2717 2718
1235 1234
2116 2114
2822 2821
1035 1034
1356 1354
1329 1331
1742 1744
982 981
2999 3000
269 267
1575 1573
973 975
2542 2544
2991 2992
2177 2180
1186 1187
1917 1918
751 749
1288 1286
482 484
627 628
1452 1450
1265 1266
2382 2384
1699 1697
2706 2707
2640 2638
341 344
1193 1194
183 184
912 910
2956 2953
795 796
488 486
1758 1757
1089 1091
515 513
678 680
2441 2444
2920 2918
2008 2005
1672 1669
1367 1365
2214 2216
1424 1423
2489 2491
1786 1788
2930 2931
552 550
2398 2399
2736 2734
2319 2318
780 779
2009 2012
2443 2444
2997 3000
179 176
784 783
945 946
1533 1534
1081 1082
1516 1514
1368 1365
2927 2925
2511 2512
2223 2224
2744 2742
698 700
2067 2065
1530 1529
2086 2087
2630 2631
1175 1176
2539 2540
1735 1733
2368 2366
2349 2352
2414 2416
1219 1218
579 578
620 618
1040 1039
876 873
1982 1983
58 60
898 900
1621 1622
1232 1230
2929 2931
2557 2558
1668 1666
374 373
279 280
80 79
407 406
2513 2514
270 268
959 958
1441 1442
288 290
2436 2435
2327 2326
2321 2322
418 420
2911 2909
2765 2767
2653 2655
2502 2501
1373 1376
2484 2481
1459 1457
1055 1056
1602 1601
768 767
1764 1763
1929 1931
585 587
2997 2999
2796 2795
2900 2897
2274 2273
806 808
1081 1084
1316 1313
1735 1733
1956 1954
629 630
429 430
1478 1479
2255 2253
2471 2469
173 175
2908 2905
1103 1102
684 681
1946 1947
2437 2439
912 911
2462 2461
2660 2657
2510 2512
558 557
1307 1308
1497 1500
2296 2293
587 586
2688 2687
1165 1166
2830 2829
828 825
1484 1482
1355 1353
474 475
2087 2086
2482 2483
1194 1195
605 608
421 422
1672 1670
438 440
2082 2081
2654 2656
711 712
87 88
1482 1481
2502 2503
1212 1211
2895 2896
2619 2618
2993 2996
1149 1150
536 535
858 860
1776 1774
1128 1125
2581 2584
1049 1051
1366 1367
1128 1126
1778 1777
1361 1364
468 465
2527 2526
2062 2063
2228 2225
2339 2337
2183 2184
1436 1433
795 794
423 424
2424 2423
2427 2425
146 149
245 244
1023 1022
829 832
2116 2113
2295 2294
1407 1408
2253 2254
1531 1530
1499 1498
2899 2898
322 321
743 744
2611 2609
130 128
2919 2918
826 827
1889 1890
460 459
257 260
418 420
1301 1302
237 236
230 226
2083 2081
2149 2150
1351 1350
980 978
2656 2654
859 858
1415 1416
2426 2428
1452 1450
1660 1657
1981 1982
883 881
333 336
2074 2075
538 539
2654 2656
511 512
1641 1644
422 424
521 522
769 770
480 478
1110 1109
1872 1870
1314 1313
2905 2906
507 505
953 956
627 625
2730 2732
2233 2234
2053 2054
1779 1778
176 178
1466 1467
772 771
2160 2157
1339 1337
51 55
1137 1138
2769 2772
2996 2993
1145 1146
834 836
1665 1668
1258 1260
218 217
871 869
2793 2795
2246 2248
305 308
2537 2539
627 626
837 840
1246 1247
2231 2232
2365 2367
977 979
1956 1955
1282 1283
1177 1179
1268 1267
2899 2900
1848 1847
2050 2049
1083 1084
1563 1561
583 581
1916 1913
2985 2988
2281 2284
2458 2459
1382 1383
2213 2215
1527 1525
669 671
1112 1111
770 769
824 823
322 321
1082 1084
1980 1979
1168 1167
2725 2728
2578 2580
2643 2641
2645 2646
1253 1255
290 289
894 896
1828 1827
2779 2778
2367 2365
1260 1258
515 513
1375 1376
967 966
1373 1375
175 171
2048 2045
750 752
1757 1758
144 141
581 583
78 77
1415 1413
1434 1435
2537 2538
2646 2647
1584 1581
2925 2927
1681 1684
1271 1269
2340 2338
2801 2802
2176 2175
2793 2795
1484 1481
826 827
1394 1396
341 343
54 53
1486 1485
36 38
428 427
2358 2357
1218 1217
700 698
2270 2271
738 740
626 625
2608 2607
2663 2661
2568 2565
2448 2446
669 671
565 567
1774 1775
977 980
2293 2294
990 989
119 120
2157 2159
1866 1867
2819 2818
2834 2833
2945 2948
1732 1730
2798 2799
1419 1418
1496 1495
1595 1593
713 714
2525 2526
196 200
2241 2244
1653 1656
1206 1207
1256 1254
155 153
2382 2383
932 930
2924 2923
1374 1373
644 643
763 764
1081 1083
1955 1956
2207 2208
2148 2147
351 350
19 18
2188 2186
1709 1711
115 113
739 738
295 291
1015 1013
2043 2042
342 341
101 103
766 768
2734 2735
107 106
2671 2669
2681 2682
2246 2247
2778 2780
1028 1025
602 603
1500 1499
2543 2542
2147 2148
2552 2551
1618 1620
2623 2621
2099 2100
1208 1206
2553 2556
2621 2624
1324 1322
262 263
677 679
2841 2842
2870 2869
2453 2455
1859 1860
615 616
981 982
2331 2329
2750 2751
2684 2682
2475 2474
1480 1478
2628 2625
1707 1706
2280 2277
2677 2678
874 875
2181 2184
1978 1980
778 779
2629 2631
1240 1237
152 154
1348 1345
1513 1514
1701 1703
737 739
306 305
2979 2977
407 406
321 323
2835 2836
138 140
2465 2467
179 180
1870 1869
2934 2936
2418 2419
2206 2205
2717 2720
1180 1177
425 427
2408 2405
79 80
1172 1170
167 168
2275 2276
2168 2166
2974 2976
2757 2760
676 674
912 909
1933 1936
441 444
1837 1838
1532 1531
2376 2374
2774 2773
2959 2960
2615 2616
1433 1436
144 145
2712 2709
687 685
2255 2256
2276 2275
2566 2567
1487 1486
928 925
880 879
1761 1762
763 764
1819 1818
1744 1741
199 200
1251 1249
1318 1317
406 407
1365 1366
1822 1823
1115 1116
2467 2468
1793 1796
1134 1133
2434 2433
1516 1514
1002 1003
313 315
1284 1281
1150 1152
1857 1860
1608 1607
2309 2310
2058 2060
1302 1304
338 337
1658 1659
2100 2099
1453 1456
65 62
2747 2745
1968 1965
805 808
2149 2151
1844 1843
2739 2740
2020 2019
1050 1049
2723 2721
2661 2664
2604 2603
2692 2691
2181 2183
1721 1722
2683 2682
1669 1671
748 745
505 508
2240 2238
288 287
1641 1642
2121 2122
2187 2186
131 133
1645 1647
1095 1096
2562 2564
2777 2780
2606 2608
895 896
846 847
509 511
366 368
2934 2936
1767 1765
720 719
388 387
2158 2160
2246 2245
1283 1284
1073 1076
1950 1952
248 247
1234 1233
541 542
1247 1246
1392 1391
849 850
1331 1330
1235 1233
920 917
2908 2906
2118 2119
966 968
1533 1536
1482 1484
474 475
1678 1680
1052 1051
824 821
758 757
1692 1690
308 305
1721 1722
681 684
2258 2260
2801 2804
2085 2088
1279 1280
2593 2595
1628 1626
2844 2842
615 616
2078 2080
1896 1894
2724 2722
764 763
1731 1729
1216 1214
1556 1554
1017 1019
1026 1025
1584 1582
1989 1992
49 47
1933 1936
1561 1564
1160 1157
1954 1953
2775 2776
1437 1438
2919 2917
2034 2033
2714 2713
64 63
1152 1149
972 971
2164 2162
2728 2726
1653 1656
2859 2857
2419 2420
2187 2186
70 68
28 30
1293 1294
995 993
1202 1203
1313 1316
2604 2601
2430 2432
1304 1303
1612 1611
444 443
347 345
2480 2479
1940 1938
2128 2125
500 497
889 890
1643 1644
1396 1393
783 781
2700 2698
1828 1827
431 429
2207 2206
2902 2901
495 494
2154 2155
96 97
373 376
945 948
266 269
640 637
696 693
1321 1324
2186 2185
2853 2855
601 604
2303 2304
1803 1802
1668 1666
4 2
362 361
1542 1544
481 482
1043 1042
1853 1854
1984 1983
2818 2820
241 242
1220 1218
1579 1578
504 502
2214 2215
2831 2830
760 757
1858 1857
103 105
1970 1972
165 162
2716 2714
2258 2260
2286 2285
935 934
931 929
2027 2028
267 269
1372 1369
654 653
149 146
1344 1343
858 860
2160 2159
479 477
1098 1099
1358 1360
2312 2309
1552 1551
2866 2865
765 766
45 42
1328 1325
2804 2803
1049 1052
1546 1547
1505 1507
1437 1438
1023 1024
828 825
340 338
2557 2559
1664 1661
2580 2578
1070 1069
1648 1645
338 337
1575 1574
1416 1414
1263 1261
2022 2021
2820 2818
2901 2903
1955 1954
436 435
2054 2053
1862 1863
2471 2470
722 724
1897 1899
818 817
586 588
1200 1199
2084 2082
1183 1181
793 795
2196 2195
189 188
2673 2674
1967 1965
418 419
1622 1623
2681 2684
112 113
1322 1324
2811 2810
808 805
2673 2675
1776 1774
2512 2511
2659 2660
1220 1217
463 464
861 862
2333 2336
1889 1891
2966 2967
602 601
137 138
1521 1522
2845 2848
24 21
589 591
945 946
395 393
1580 1577
1631 1632
2436 2433
251 254
2684 2683
395 394
2161 2163
2879 2878
230 228
2018 2019
846 845
1929 1932
218 217
986 987
295 292
2499 2497
382 381
2554 2556
2787 2785
2381 2383
1259 1258
457 459
2305 2307
2818 2819
1775 1776
2505 2506
2490 2489
2842 2843
2352 2349
1499 1497
2836 2833
806 808
2358 2359
2249 2250
1654 1653
1119 1117
455 454
87 90
1537 1538
1426 1425
814 815
972 971
1742 1743
91 94
1771 1769
1774 1775
795 796
1546 1548
1290 1292
1325 1328
1217 1218
2094 2096
2522 2524
1275 1274
1520 1518
769 772
1325 1328
646 648
1689 1691
2812 2809
2639 2637
2209 2211
2491 2490
1846 1845
2401 2403
2906 2908
1220 1217
2823 2822
2074 2075
1244 1241
2665 2668
1458 1460
1998 2000
1463 1461
715 713
163 161
2472 2470
2857 2858
395 393
481 483
292 293
2033 2034
857 858
2784 2781
2473 2476
45 44
1193 1196
1039 1040
1915 1914
658 659
500 499
2147 2146
1907 1905
1554 1553
783 782
1617 1619
1650 1651
1151 1149
273 272
2591 2592
1154 1156
2824 2822
2551 2549
861 863
1889 1890
875 874
1535 1536
1635 1634
817 819
2912 2911
932 931
765 767
1758 1759
1058 1059
734 733
284 282
153 151
859 860
1813 1815
2622 2623
234 231
2992 2991
1419 1420
1591 1592
942 944
848 846
1770 1769
1850 1852
384 383
838 839
439 438
770 769
1608 1606
954 953
1306 1307
2950 2949
697 700
1472 1469
615 616
900 898
286 288
1483 1481
2001 2003
2325 2328
578 579
861 864
1590 1589
1767 1766
2649 2650
1839 1838
2907 2905
1076 1074
1098 1097
2133 2136
319 320
2892 2891
1092 1091
366 365
1148 1146
1891 1892
2144 2142
2148 2146
2483 2481
1136 1133
497 500
2485 2488
2854 2855
2935 2936
2047 2046
2640 2638
2700 2699
2910 2912
2607 2605
498 499
1091 1089
1561 1563
867 866
2563 2562
1966 1967
2111 2110
2823 2824
1576 1573
2463 2462
525 526
1438 1439
2135 2134
621 622
172 171
775 776
951 949
1090 1091
1652 1649
1013 1014
441 442
2039 2037
2350 2351
2666 2668
1903 1901
2517 2518
876 873
639 637
1016 1013
281 285
2989 2992
1517 1520
889 892
785 787
1327 1325
2701 2704
2514 2513
1867 1868
719 720
409 412
592 591
395 396
1321 1323
714 713
1367 1366
808 807
1380 1377
2341 2343
282 285
725 726
2517 2520
1015 1014
2286 2285
1646 1647
1876 1874
371 369
2298 2300
590 589
954 955
309 310
1287 1285
1454 1456
1055 1054
1927 1925
244 245
332 330
833 835
319 317
1971 1970
306 305
1314 1313
2212 2210
349 352
2732 2731
137 138
1962 1963
1585 1588
674 673
1095 1093
2328 2327
1864 1861
1254 1255
2142 2144
1252 1251
2908 2907
1870 1872
1801 1803
726 725
38 40
211 215
2293 2296
749 750
144 141
1119 1117
1813 1816
1398 1399
1718 1720
2987 2986
1633 1635
1389 1392
497 499
2604 2603
1083 1082
1710 1712
2401 2402
2192 2191
1772 1770
2500 2497
1439 1437
1269 1272
955 953
1968 1966
2641 2644
833 834
1243 1241
1821 1824
636 635
3000 2999
2445 2448
573 574
2363 2364
1953 1954
377 379
2739 2737
1575 1574
491 490
1459 1457
665 666
1407 1406
2041 2043
1364 1363
2380 2378
2714 2716
1580 1578
679 677
358 359
928 925
2784 2781
2503 2504
704 703
2347 2346
42 41
2712 2711
1368 1366
87 86
205 201
1469 1472
1919 1917
688 685
3000 2998
1260 1258
659 657
2848 2847
1372 1370
549 550
57 60
127 128
1417 1418
1569 1570
2110 2109
1404 1401
789 792
1602 1604
2557 2558
1511 1509
2055 2056
2324 2322
2888 2887
96 100
743 744
1333 1335
2665 2668
1052 1050
1827 1825
2963 2964
1481 1482
449 450
852 851
968 967
2977 2979
563 561
1991 1990
1687 1685
2014 2013
994 993
2920 2918
1784 1782
2729 2731
2281 2283
2581 2583
738 739
2515 2513
2423 2422
2398 2400
1034 1035
894 896
1053 1056
1564 1562
1353 1354
1482 1484
123 125
331 329
2466 2465
2206 2207
780 778
1729 1732
2711 2710
701 704
2908 2905
1231 1232
2750 2749
1744 1743
1343 1341
1967 1966
1404 1401
721 724
1268 1267
1661 1663
2036 2033
1843 1841
2780 2779
1088 1085
657 658
456 455
306 307
1678 1680
818 817
2809 2812
1560 1557
1715 1716
1189 1191
1460 1457
2317 2320
1455 1453
1864 1863
249 248
2264 2262
2470 2469
1540 1537
2668 2666
2566 2565
715 716
2195 2194
2320 2317
2133 2136
2017 2020
2413 2415
1413 1415
1311 1309
2880 2877
610 611
1851 1849
613 615
1308 1307
2061 2063
43 45
332 330
2594 2593
819 817
2604 2603
765 768
1486 1488
2537 2538
2542 2544
562 563
1204 1201
2063 2062
2306 2308
751 752
2468 2465
2289 2292
899 900
355 356
2449 2450
1758 1757
1551 1550
2662 2664
2942 2944
2117 2119
2992 2990
2637 2638
1975 1974
1805 1806
2950 2949
2415 2414
2852 2850
718 719
2688 2685
1722 1723
1433 1434
2405 2406
1157 1159
58 56
2888 2886
113 111
1763 1761
1508 1507
832 830
1747 1748
906 905
2001 2002
1720 1719
2964 2962
1736 1733
621 624
2687 2685
2153 2156
1260 1259
755 753
2935 2933
970 972
1800 1798
2857 2860
392 390
1607 1608
2769 2771
1309 1310
1693 1694
694 693
2349 2352
2254 2255
641 642
2325 2328
1328 1327
2777 2779
1888 1886
2654 2653
577 579
935 933
1620 1617
2709 2711
2756 2755
1615 1616
1634 1635
1974 1976
2981 2982
1194 1196
765 768
1193 1196
1720 1718
2661 2663
2816 2814
1904 1902
2367 2366
2899 2898
2830 2832
2411 2412
2011 2009
1158 1160
1990 1989
1691 1690
2398 2400
2623 2624
1305 1307
1893 1894
815 813
2647 2646
1137 1138
2237 2239
1634 1635
761 763
977 980
897 899
2095 2096
1902 1903
1118 1119
1195 1194
2833 2835
2463 2461
622 624
517 520
2179 2180
780 778
921 922
1602 1604
1148 1147
1905 1908
420 418
588 586
1379 1380
677 679
1361 1363
951 950
2973 2975
1030 1029
509 511
2796 2794
573 576
240 238
172 173
2264 2263
1169 1171
2624 2622
663 664
1673 1675
2301 2302
580 579
1448 1447
499 497
979 980
1597 1599
854 856
767 766
1030 1032
1551 1552
1728 1726
351 350
800 799
1407 1406
1738 1740
392 389
1723 1724
2920 2919
1616 1615
1768 1767
629 630
1283 1282
516 515
2247 2248
1661 1662
22 21
2179 2180
1488 1485
2204 2202
255 253
2327 2328
1345 1348
2638 2637
601 602
344 342
2708 2707
2238 2240
655 654
1029 1032
1795 1796
1728 1725
1089 1091
1527 1528
1228 1227
899 898
1919 1918
1246 1247
1876 1875
1403 1401
1972 1969
2355 2356
1598 1599
1955 1953
1879 1878
2227 2228
2043 2041
1231 1232
713 714
1879 1878
1620 1618
2979 2978
2191 2192
2404 2401
2713 2714
1262 1264
1507 1508
851 850
2044 2043
2543 2544
1129 1131
2793 2795
1230 1232
527 526
2975 2976
914 916
1668 1667
137 140
2656 2654
1509 1511
1235 1234
1570 1572
1437 1438
1457 1458
822 823
2082 2084
194 193
1141 1142
334 333
919 917
355 353
901 904
2034 2036
1626 1628
2438 2439
2510 2511
576 574
2279 2277
99 98
2890 2889
79 78
1056 1053
801 804
2930 2931
462 461
3 1
850 849
2815 2814
1062 1063
2916 2914
1919 1920
2865 2866
1606 1607
449 450
358 357
1256 1254
1169 1171
2308 2305
1202 1204
2452 2449
784 781
1962 1963
2879 2878
353 355
1517 1519
2542 2541
2047 2048
2823 2824
2418 2417
290 288
2585 2586
1044 1043
385 387
2934 2933
2694 2696
1471 1472
2065 2067
1156 1153
1437 1439
1205 1207
1831 1829
2043 2041
2801 2802
2607 2606
1218 1220
2500 2499
631 632
1948 1946
827 825
2516 2514
291 294
2100 2097
70 66
1424 1423
854 856
527 525
1668 1667
1866 1865
2028 2027
1688 1686
318 320
1435 1436
1382 1383
700 697
278 277
2082 2081
462 464
648 647
1861 1864
251 253
2816 2813
805 807
2706 2708
1875 1876
899 898
2653 2656
2413 2416
439 440
604 601
1601 1604
1331 1330
1739 1737
2244 2241
2667 2668
412 409
1869 1871
2859 2858
482 481
1543 1542
2371 2372
2441 2443
2353 2355
402 401
2338 2337
2697 2698
1784 1783
1949 1950
266 270
1099 1100
574 573
1331 1332
529 531
1199 1198
182 184
2178 2180
1575 1574
693 695
2477 2478
2547 2548
1140 1139
2549 2550
2827 2828
2223 2224
2292 2291
905 906
1440 1437
1823 1824
979 980
1988 1985
1433 1436
1145 1147
1833 1835
1318 1317
2663 2661
2443 2441
499 497
2324 2323
596 593
2625 2628
1091 1092
1454 1456
1598 1600
2592 2589
1961 1963
2917 2920
2864 2861
1520 1517
1886 1887
51 53
482 481
2474 2473
2380 2378
2971 2970
773 775
1662 1661
1424 1422
2271 2269
480 479
1242 1243
823 821
2340 2339
2508 2506
362 364
233 234
2819 2818
1089 1090
2536 2534
2578 2577
2495 2494
2008 2007
1605 1608
2743 2744
2785 2788
2867 2868
1441 1444
2783 2781
1617 1619
1344 1341
1096 1095
2856 2854
367 365
2337 2339
1072 1070
952 950
1341 1344
1686 1688
1815 1816
1420 1417
1936 1934
2019 2018
40 39
240 239
1574 1573
2877 2879
1444 1443
1437 1440
1006 1007
2258 2260
2398 2399
2367 2366
1645 1647
2968 2966
598 599
1080 1078
1558 1557
1281 1284
2242 2243
1363 1362
2142 2143
1041 1043
1221 1223
2888 2887
1693 1694
1674 1673
2689 2691
1614 1616
2519 2520
214 212
2348 2346
2567 2566
1321 1323
387 388
2505 2507
2017 2018
2541 2543
2619 2617
369 370
807 806
1202 1204
1240 1239
2310 2309
4 2
1369 1372
980 977
1883 1881
1227 1225
796 794
1370 1372
1759 1760
1049 1052
2091 2092
249 247
1032 1029
2068 2067
2488 2487
2880 2877
718 717
2939 2940
2618 2617
1499 1500
1264 1261
392 390
1394 1396
1444 1443
154 153
2902 2903
1562 1563
1297 1299
658 659
837 838
2420 2419
13 11
2515 2514
2574 2573
917 919
2033 2036
123 121
1061 1064
2146 2145
323 324
1608 1606
45 44
1238 1237
1841 1842
1630 1632
1224 1223
1799 1797
2795 2794
599 597
1852 1851
905 906
743 741
2137 2139
1730 1729
2964 2963
2592 2590
2609 2610
2253 2255
2197 2200
171 173
728 725
1951 1949
641 644
1948 1945
1265 1268
1910 1912
2124 2122
2219 2217
2109 2111
1997 1999
2217 2220
1876 1875
1531 1530
2011 2010
1186 1185
1950 1949
1460 1458
239 240
304 303
1017 1019
1905 1906
1528 1525
737 739
137 136
2415 2416
193 191
618 619
1382 1384
1698 1699
1468 1465
2134 2135
1390 1392
91 95
1138 1139
1366 1368
2700 2697
617 620
2193 2194
1709 1711
353 354
1924 1923
2959 2957
786 788
2655 2653
504 501
1311 1310
2560 2557
2385 2388
510 511
513 516
2561 2562
2112 2109
2887 2885
1795 1796
1131 1130
2111 2109
1945 1947
996 994
1272 1271
1625 1628
2706 2708
794 793
306 308
2190 2191
2088 2087
36 39
2543 2541
988 985
2923 2922
990 991
339 338
2056 2053
1834 1835
399 400
987 988
1284 1281
2684 2682
2390 2392
2169 2172
863 861
785 786
1629 1630
665 666
2973 2976
2287 2288
887 888
2347 2348
2 3
1683 1682
1510 1509
152 151
482 481
2765 2768
1881 1883
416 414
537 540
2118 2117
2388 2387
138 137
2607 2606
461 462
2684 2683
1285 1288
54 52
484 483
1890 1892
1908 1905
1109 1110
378 380
2015 2014
2720 2717
2104 2102
1381 1384
2216 2215
1027 1026
2712 2710
2469 2470
329 332
2923 2922
1922 1923
506 505
1320 1318
2392 2389
53 55
2117 2118
2777 2778
1360 1359
2813 2816
2117 2119
2285 2287
1843 1844
688 686
636 634
2026 2025
1375 1374
1313 1316
2027 2026
1935 1933
2531 2532
2196 2193
488 485
2291 2292
2993 2995
351 352
2933 2934
2887 2886
873 874
628 626
2942 2944
478 480
2410 2409
1631 1632
299 296
2086 2087
1974 1975
2169 2171
1375 1374
2391 2389
2542 2544
1584 1582
1350 1352
376 374
421 423
679 677
395 394
718 719
1329 1330
1290 1292
1595 1593
169 167
1811 1809
1905 1906
2667 2665
2104 2102
898 897
2753 2754
880 877
223 224
2666 2668
2406 2408
286 288
1840 1837
470 472
1234 1235
670 672
1663 1662
1427 1428
1431 1432
2147 2145
526 525
1352 1351
163 162
323 321
1284 1281
2445 2446
1512 1509
509 512
897 899
2522 2524
2449 2452
1563 1564
1268 1265
452 449
1886 1888
1455 1453
1482 1484
2723 2724
2870 2869
1654 1656
2104 2102
1189 1190
1793 1796
1058 1057
2362 2361
462 463
2401 2402
1084 1082
2687 2685
1945 1946
2327 2328
2059 2060
2116 2115
1400 1399
12 14
908 907
2059 2057
1046 1047
2465 2466
867 865
497 499
1491 1490
838 837
2296 2293
772 771
185 184
1295 1293
2102 2101
1000 998
2187 2185
2652 2649
1350 1351
1287 1285
2231 2229
2109 2110
2151 2150
1202 1201
751 750
1278 1280
1206 1205
865 868
1678 1680
1068 1065
803 804
924 923
1858 1860
2710 2709
413 415
2415 2416
2577 2579
777 778
2281 2282
2355 2354
1598 1597
671 669
2978 2979
2694 2696
2735 2734
476 475
994 995
2949 2950
1206 1205
2716 2713
1302 1304
1784 1783
2289 2290
1205 1207
665 668
2019 2018
1754 1756
2331 2329
606 607
1232 1230
2359 2358
1087 1086
227 230
1712 1709
1208 1205
2172 2171
2156 2153
776 774
330 329
2449 2450
2460 2459
818 817
738 737
1957 1960
2216 2213
1277 1280
2727 2728
1480 1479
988 986
2333 2336
1302 1301
1391 1390
1118 1119
2783 2781
2017 2020
1381 1383
611 610
1560 1559
147 149
1492 1489
82 85
1340 1339
1397 1399
1832 1831
2300 2298
746 747
1496 1495
162 164
2871 2872
2382 2383
1315 1316
1416 1413
2259 2258
362 364
2825 2828
1309 1312
2419 2420
575 576
279 277
661 664
55 51
1416 1414
628 625
1868 1865
1631 1630
2114 2115
2201 2202
797 798
1287 1288
2597 2600
1065 1067
2293 2295
2326 2328
879 880
738 739
2989 2990
2837 2839
1082 1081
465 467
2385 2387
245 241
1044 1041
2423 2424
813 816
241 245
718 719
224 225
744 742
470 471
1931 1932
981 982
222 223
2083 2084
1504 1501
788 786
2538 2540
1928 1925
326 327
1293 1296
722 724
1711 1712
2559 2557
976 975
170 168
2577 2579
277 276
339 338
275 271
2792 2789
841 842
670 671
1190 1191
1845 1848
2571 2570
2716 2714
1856 1855
2203 2201
368 365
824 821
2032 2030
2564 2563
2449 2452
2383 2382
874 876
2659 2660
195 192
2851 2849
2289 2290
2794 2796
2425 2427
1521 1523
1982 1981
377 380
2956 2953
2901 2903
868 866
25 24
2154 2156
811 812
2440 2439
698 697
1442 1444
1624 1621
879 878
2384 2383
2974 2975
1785 1787
966 967
1669 1672
956 955
800 799
2753 2754
1828 1825
632 630
1260 1258
2324 2321
2272 2271
2487 2485
2984 2981
2767 2766
1572 1569
679 678
1342 1344
1246 1245
666 668
42 43
1734 1735
1694 1695
2363 2362
339 337
2607 2605
556 555
2262 2264
162 163
254 251
624 621
1430 1431
742 741
2960 2957
2655 2654
2929 2930
498 497
2319 2317
2590 2589
2412 2409
1474 1476
2214 2213
1750 1749
1899 1897
2155 2153
1429 1432
1062 1064
2839 2840
2841 2844
2197 2198
2172 2169
1102 1101
1267 1265
647 646
2114 2116
360 359
599 598
2529 2531
2944 2942
748 745
503 502
1548 1546
2510 2511
175 171
775 773
1474 1473
1916 1915
297 296
1937 1939
1712 1711
2543 2541
802 803
750 751
1456 1455
2032 2031
338 337
1245 1247
2229 2232
2301 2302
1369 1370
802 804
761 762
1004 1002
1528 1525
2945 2946
1186 1188
2573 2575
182 181
590 591
2139 2137
351 349
1899 1898
1155 1154
1748 1746
2825 2826
1858 1859
2993 2994
2257 2259
1210 1209
483 484
1606 1607
1576 1575
2182 2181
422 424
2166 2167
2587 2586
463 461
2039 2040
1186 1185
1976 1974
2990 2989
1601 1602
1153 1154
2077 2080
1611 1609
154 153
1805 1807
159 160
2511 2512
539 538
2485 2487
2449 2452
565 566
2123 2121
2077 2079
1659 1658
2725 2728
455 453
2805 2806
517 519
1855 1854
1707 1705
2447 2445
2811 2809
2511 2510
926 928
442 443
1445 1446
359 357
2214 2215
1400 1399
183 182
559 560
751 749
2194 2193
877 879
2057 2060
2502 2503
638 639
2945 2948
929 930
2053 2054
1154 1156
927 925
2956 2953
1908 1905
1141 1143
54 51
1010 1009
857 860
1603 1601
370 371
1962 1963
2306 2307
2219 2220
2564 2563
1345 1346
1827 1825
2687 2685
1936 1934
1265 1266
2100 2097
824 821
1898 1897
2949 2952
2700 2698
2753 2754
2558 2559
2839 2838
1381 1384
728 726
700 697
1539 1540
838 837
2227 2225
2296 2295
2222 2223
420 417
1529 1531
2475 2473
507 506
1257 1259
785 787
511 512
357 359
216 218
2728 2727
2101 2102
436 435
2956 2954
978 980
2574 2575
844 841
1870 1869
418 419
1439 1440
2920 2919
709 711
341 343
1404 1403
1848 1845
1541 1542
2277 2279
1110 1112
2931 2930
170 168
2874 2875
1159 1158
2866 2867
2631 2632
464 463
251 255
530 529
1341 1342
2088 2087
2974 2975
2298 2300
2084 2082
2327 2328
929 931
154 152
1261 1262
297 300
2836 2833
2380 2378
1619 1618
1028 1026
928 926
1955 1953
1438 1437
2064 2063
1891 1889
2004 2002
2910 2912
1221 1224
1694 1693
1648 1647
2273 2274
422 424
729 731
1254 1253
254 252
2514 2513
2310 2311
2176 2174
1111 1112
648 645
1117 1119
875 876
1621 1623
375 374
1642 1644
2337 2338
1586 1587
1761 1763
1233 1236
398 397
556 554
214 211
86 90
246 249
1936 1934
1943 1942
2622 2621
136 140
1236 1234
2286 2285
2064 2062
2270 2271
1789 1791
2895 2893
1195 1196
1767 1768
141 143
1689 1691
1233 1236
1502 1503
1520 1518
247 246
598 599
121 125
1027 1025
2853 2855
665 667
1346 1348
2066 2065
1480 1479
475 476
1101 1103
946 948
2864 2862
507 508
1889 1892
967 966
2210 2211
869 870
1320 1317
543 542
2125 2128
889 891
1516 1513
79 78
1402 1404
2482 2481
60 57
2637 2640
344 342
2196 2193
956 954
2506 2505
1787 1785
111 115
2891 2889
1363 1364
291 295
2028 2027
2108 2106
539 540
604 603
697 698
1054 1056
2019 2018
1237 1238
2819 2817
438 437
5 4
1395 1394
960 957
1390 1392
2766 2765
1125 1127
1817 1819
1901 1903
1483 1481
1776 1773
781 783
2080 2077
2509 2511
701 702
839 840
740 739
945 946
2762 2764
739 738
976 973
2727 2728
2858 2857
2003 2001
771 770
158 160
2880 2877
1414 1416
1063 1061
966 965
1547 1548
534 533
2857 2860
2518 2519
599 598
1532 1530
394 393
2118 2117
1650 1649
1483 1481
437 440
2084 2081
1412 1411
2150 2152
1226 1228
2377 2380
982 984
2832 2830
1652 1649
1913 1915
738 739
421 422
62 64
1946 1948
2595 2596
2549 2551
2731 2730
1575 1573
1407 1405
1978 1979
549 550
101 103
285 282
2463 2462
2646 2647
2780 2777
2440 2439
1746 1748
2107 2106
2673 2674
1398 1400
339 338
2362 2363
2213 2215
897 899
319 320
1403 1402
131 133
2466 2467
2845 2848
2413 2414
2633 2635
37 40
816 814
1013 1014
1008 1006
2822 2823
1791 1792
642 641
1387 1385
1305 1306
538 539
338 340
573 574
754 753
2205 2206
777 778
1351 1349
2434 2435
94 95
2601 2602
2963 2964
56 59
1696 1695
40 38
2462 2463
1774 1776
2842 2843
332 330
2880 2879
1543 1541
2693 2696
948 945
1519 1517
865 866
383 381
2976 2973
1174 1176
2981 2983
2813 2814
1165 1168
2721 2722
2410 2411
2873 2876
2286 2288
1884 1881
1419 1417
2908 2907
137 140
768 767
2422 2421
1050 1051
2987 2985
1162 1164
449 450
1592 1591
2320 2317
2822 2824
2067 2068
2327 2326
1279 1277
863 861
1175 1176
2125 2126
367 368
1533 1535
339 340
1170 1171
2478 2480
2657 2658
1026 1028
1367 1365
2869 2871
1447 1445
2298 2299
2930 2929
2467 2468
823 821
2364 2362
731 732
2170 2172
788 786
1661 1663
2879 2878
2997 2998
1475 1474
835 834
1708 1707
2590 2589
373 375
921 923
1964 1963
1855 1853
1506 1505
2360 2358
462 463
1776 1774
2663 2662
1943 1944
2650 2649
1392 1390
2806 2805
2654 2653
897 898
1188 1186
2984 2981
2216 2215
254 253
952 949
2434 2435
1493 1494
2570 2572
2955 2953
1037 1038
1786 1785
2108 2107
682 684
573 575
515 514
607 608
1154 1155
2741 2743
1104 1103
1029 1032
2103 2102
2067 2068
171 175
2192 2189
2616 2615
674 676
2910 2912
1629 1631
903 901
2447 2446
1864 1861
1784 1782
2679 2677
1101 1104
1383 1382
2393 2395
580 577
1490 1492
2212 2211
1977 1978
1080 1078
372 369
205 202
1475 1474
947 945
2035 2033
385 387
1666 1668
1823 1821
938 940
2967 2965
460 458
1109 1110
126 129
1017 1019
247 249
1842 1844
2729 2732
2030 2029
2545 2547
652 650
100 96
200 197
1742 1743
1352 1350
2759 2758
1979 1977
1201 1203
1983 1982
1246 1248
577 578
2813 2815
564 563
1569 1571
2922 2924
475 474
1469 1472
2884 2883
1607 1605
403 401
470 472
28 26
1303 1301
1776 1774
2485 2488
2587 2586
2508 2505
117 116
294 291
996 993
1230 1229
1921 1924
1462 1464
18 17
111 113
544 541
2663 2664
1711 1709
1996 1993
2584 2581
1227 1228
2957 2958
753 755
599 598
1409 1411
698 699
1390 1391
688 685
2999 3000
2600 2597
1610 1612
629 632
2722 2724
723 724
245 241
619 618
299 297
2340 2339
357 359
1370 1372
76 79
2419 2420
895 893
896 895
1523 1521
1339 1340
800 798
2276 2275
1969 1970
1803 1801
1408 1406
1162 1161
1095 1094
2013 2016
2004 2001
2627 2626
1671 1670
732 729
286 288
1277 1279
168 169
2515 2516
642 643
1554 1553
216 219
1017 1020
923 921
2675 2676
2185 2187
983 981
1054 1055
1501 1504
2189 2191
2191 2190
1526 1527
2176 2173
207 210
1273 1276
2427 2426
2478 2479
2409 2410
2306 2307
1863 1862
80 78
2440 2437
2288 2285
1429 1431
2399 2400
427 428
1911 1910
2803 2802
2721 2722
2656 2653
901 902
1758 1757
902 904
1080 1078
2610 2609
910 909
122 123
259 256
126 128
2848 2846
2539 2537
324 321
1370 1372
888 887
1961 1962
2202 2201
2691 2689
668 666
2530 2531
522 523
1528 1526
2771 2772
1202 1204
1635 1636
793 794
172 175
1275 1274
1580 1579
193 195
2556 2554
516 513
2848 2845
2828 2825
2292 2290
423 422
481 483
2042 2044
1824 1822
2205 2206
720 719
1041 1044
1371 1369
1091 1089
2192 2191
1414 1413
2519 2518
1765 1767
2928 2926
2822 2821
2146 2145
2537 2538
705 708
480 478
1940 1938
1560 1557
664 662
2648 2647
562 564
530 532
2244 2241
2083 2084
613 616
462 463
1070 1072
1266 1265
2500 2498
1614 1613
381 383
832 830
2207 2205
782 783
1391 1392
871 870
2269 2270
2371 2370
2604 2601
2079 2080
377 379
1718 1720
49 46
316 315
574 575
224 223
2189 2191
647 648
2026 2025
1418 1419
1975 1976
2760 2758
510 512
950 952
1905 1908
2261 2264
1054 1053
1088 1085
363 364
756 755
1655 1653
286 289
523 521
2624 2621
2273 2275
1871 1870
2389 2390
2182 2184
1855 1853
1533 1535
1647 1645
1128 1127
87 90
2590 2589
912 910
2880 2879
1190 1189
111 115
632 629
347 346
1066 1068
147 149
705 706
2516 2515
2555 2553
2815 2814
826 827
1599 1600
23 21
29 28
2002 2004
1240 1238
279 276
1409 1410
161 165
632 631
1077 1079
1888 1887
1647 1648
842 841
536 534
1027 1026
2478 2479
1427 1428
1010 1011
974 976
2821 2824
1978 1980
2347 2345
2027 2028
1019 1017
401 402
673 675
2480 2477
2220 2218
816 814
1885 1886
1110 1109
1922 1924
2355 2354
2586 2587
2702 2703
2408 2406
432 430
1411 1410
1740 1738
2729 2730
427 428
1905 1907
2297 2298
1475 1473
1971 1970
2677 2679
2233 2236
1342 1341
2838 2839
2530 2529
1085 1086
2796 2794
2711 2710
705 708
2148 2145
323 321
1289 1291
415 416
2118 2117
1543 1542
11 13
1935 1934
928 925
241 243
1321 1322
2301 2303
1984 1982
315 316
1144 1141
1102 1101
2836 2834
1875 1873
831 829
2451 2449
2436 2435
791 790
1659 1657
2611 2610
2541 2542
2057 2058
2584 2582
3 4
686 685
2947 2945
2465 2466
858 859
554 553
2393 2395
2913 2915
1179 1180
355 354
476 474
147 148
2195 2194
1519 1520
2416 2413
1102 1104
244 242
989 992
2760 2759
1766 1767
1574 1573
2 5
1824 1821
2453 2454
2772 2771
1710 1709
628 626
2449 2450
2550 2549
952 951
1831 1832
1534 1535
2264 2261
2841 2843
752 749
1458 1459
2203 2202
697 700
2658 2657
2708 2707
1427 1425
850 849
1216 1213
246 248
2966 2967
1780 1777
1084 1081
2340 2337
2275 2276
2974 2976
1680 1677
2820 2819
2389 2392
2134 2136
1060 1059
2506 2507
2856 2854
762 761
2604 2603
1476 1474
2887 2886
567 568
762 763
2319 2318
1855 1854
1927 1925
2125 2127
802 804
335 336
2490 2492
936 933
190 189
2314 2315
1636 1633
2876 2874
1212 1211
2280 2278
1871 1869
1977 1978
1213 1216
1281 1282
2284 2283
2128 2127
1265 1267
2004 2002
1515 1514
1990 1992
1684 1682
207 209
1103 1101
1730 1729
1863 1864
2717 2720
1503 1502
627 628
2260 2257
2751 2752
1313 1316
2617 2620
218 219
2964 2961
176 177
1142 1141
2041 2043
955 954
2968 2966
2896 2894
2471 2470
1473 1476
2563 2564
1541 1542
696 693
893 895
2147 2145
2070 2071
1880 1877
951 952
1543 1541
1394 1396
731 729
895 896
2062 2064
2466 2465
2947 2945
2669 2671
785 787
938 937
1864 1863
2882 2884
93 92
2364 2362
1336 1334
935 933
2805 2807
166 168
2305 2306
2216 2215
639 640
1408 1407
1402 1403
2130 2131
1062 1061
2507 2508
72 71
1585 1587
227 228
1919 1917
2024 2022
2262 2261
561 563
1049 1050
2013 2014
2577 2580
1671 1672
326 327
634 636
796 794
2644 2641
2250 2252
1257 1260
1142 1143
1562 1564
2 3
572 571
767 765
2241 2244
2154 2153
1185 1187
136 138
607 608
1848 1847
2779 2777
1338 1339
664 661
1065 1067
1643 1644
734 733
1810 1812
1938 1937
581 582
1654 1655
1164 1161
2872 2869
1372 1371
1778 1780
1510 1511
2251 2250
786 787
512 511
742 744
620 617
1698 1697
1776 1773
2384 2382
1168 1167
130 127
808 805
2801 2803
1878 1879
1335 1334
1473 1474
2326 2328
2588 2587
2422 2424
1012 1010
304 303
912 911
821 823
2139 2137
1194 1196
59 57
1252 1251
927 926
156 160
689 692
864 863
2957 2958
1384 1382
1168 1166
2646 2645
2233 2234
2662 2664
2036 2034
1130 1132
1399 1400
365 367
563 561
1295 1293
602 603
2920 2917
441 442
687 688
2742 2741
852 849
506 508
1129 1132
2272 2270
2990 2992
1438 1440
69 66
292 295
2304 2303
1180 1178
1320 1318
1139 1137
482 483
1816 1813
2338 2340
883 882
193 195
501 504
854 855
20 16
1553 1554
682 683
651 649
2128 2125
1694 1696
25 22
536 533
930 929
1882 1881
2299 2297
2176 2174
1187 1185
1497 1499
2374 2376
1690 1692
27 28
2042 2043
2207 2208
2128 2126
1925 1926
869 871
2311 2309
2298 2297
1555 1553
2434 2433
1271 1270
222 225
2348 2345
897 900
2418 2420
1083 1082
2705 2707
850 849
2843 2842
2500 2498
2580 2577
529 531
565 566
2980 2977
1442 1444
1043 1042
246 248
505 508
2992 2991
2689 2691
213 212
1375 1374
1819 1818
741 743
1502 1501
2705 2706
1719 1718
1430 1432
1943 1941
2897 2900
676 674
983 982
2706 2707
2574 2576
546 548
917 920
1544 1541
1757 1759
2705 2708
2236 2233
904 902
2156 2154
2535 2534
2505 2508
1973 1976
2689 2692
110 107
46 49
2856 2855
536 535
2595 2593
1746 1745
2686 2688
2106 2107
654 655
814 816
1287 1285
1226 1225
1239 1237
874 875
785 786
1590 1591
1603 1602
1959 1958
493 496
990 991
2875 2874
754 755
354 356
2769 2771
468 466
2043 2042
2565 2568
537 540
2020 2018
407 405
185 183
415 414
95 93
2662 2664
1684 1683
112 115
2966 2967
75 71
1120 1119
412 411
1923 1922
2196 2195
1863 1864
1812 1810
2423 2424
2845 2848
853 854
1073 1076
2848 2845
1010 1009
2088 2085
2332 2329
2426 2428
1850 1849
1500 1497
2954 2953
185 183
1384 1382
316 315
1009 1011
2365 2368
788 786
2000 1998
2666 2665
131 132
2055 2054
156 157
1278 1280
538 539
1881 1884
359 357
1654 1653
1689 1692
1423 1424
1306 1308
1302 1301
950 949
2605 2608
417 418
454 453
355 356
1310 1312
1746 1747
2261 2262
458 459
2899 2900
973 974
396 394
588 586
1809 1811
1505 1506
2550 2552
2867 2868
1762 1761
910 911
1332 1329
896 894
2363 2362
1099 1097
2401 2403
665 667
1122 1121
2557 2560
2012 2011
2940 2939
2556 2555
1496 1494
2503 2501
1084 1081
2784 2781
570 572
243 244
2386 2385
1651 1649
1528 1525
218 220
1184 1182
2958 2959
1568 1565
2457 2459
2545 2546
1808 1806
2802 2803
2560 2557
2199 2200
1266 1268
1943 1944
2634 2633
2210 2209
1010 1011
362 364
347 346
2823 2821
290 286
2750 2752
809 810
1908 1905
1946 1945
207 208
2398 2399
2358 2360
1568 1567
1819 1818
2606 2605
2364 2362
2499 2500
2690 2691
746 745
1943 1944
1543 1544
449 450
555 554
697 700
1621 1623
412 411
542 541
1517 1520
1563 1561
1281 1284
1302 1301
1229 1231
868 866
1098 1099
554 553
2863 2864
1912 1910
299 297
216 218
2373 2375
2123 2122
1855 1854
1817 1820
1611 1610
1107 1105
899 898
585 586
1477 1478
1319 1318
870 869
2994 2993
310 309
1041 1042
1465 1467
2338 2340
1394 1396
2678 2680
1850 1851
995 993
2180 2178
1495 1493
519 517
2607 2605
2366 2367
139 137
2255 2254
1327 1325
977 978
1368 1366
1024 1022
2202 2203
862 863
440 437
2733 2735
573 576
897 898
2558 2559
1707 1708
2423 2421
2177 2180
2248 2245
1333 1335
1154 1156
627 626
2898 2900
2829 2831
459 457
1234 1236
151 153
1350 1349
2729 2730
1644 1642
253 252
773 775
473 474
658 659
1884 1883
475 474
1046 1048
2844 2842
1316 1314
560 559
1221 1222
1368 1367
886 885
2040 2038
90 86
2673 2674
1975 1976
793 795
2504 2503
659 660
2509 2510
1695 1696
2815 2813
1340 1339
2492 2491
1359 1357
456 455
1470 1471
1793 1795
903 904
1975 1976
2708 2707
2208 2206
792 789
2536 2534
1708 1706
547 548
1346 1345
2281 2282
427 426
867 865
2184 2182
2913 2916
804 802
2784 2781
1815 1814
728 727
2379 2377
1574 1576
1525 1526
2341 2342
2464 2461
464 463
2569 2572
1788 1787
1784 1783
721 722
1887 1888
2090 2091
1084 1082
2850 2851
1056 1053
1373 1376
2936 2935
1428 1425
2667 2666
2715 2714
2644 2643
2595 2596
1390 1389
2386 2388
840 837
1989 1991
1366 1368
218 217
351 349
978 980
2882 2883
1408 1407
220 217
664 663
739 740
1090 1092
1848 1845
2589 2591
1844 1843
1669 1670
1277 1280
1701 1702
2651 2652
1220 1217
1154 1155
1188 1185
1565 1566
1196 1193
1681 1682
1430 1429
940 938
877 878
2866 2865
2555 2556
2073 2075
1247 1245
2628 2625
2870 2872
1849 1851
2784 2781
1570 1571
2439 2440
1786 1788
979 978
2239 2240
783 781
2994 2995
808 807
790 792
2583 2584
2299 2297
688 685
1100 1098
2754 2755
15 11
1781 1783
1262 1261
218 216
2692 2690
2879 2878
1871 1869
10 9
1308 1306
455 453
272 271
973 975
