371 666
1 2
2 3
3 4
4 5
5 6
6 7
7 8
8 9
9 10
10 11
11 12
12 13
13 14
14 15
15 16
16 17
17 18
18 19
19 20
20 21
21 22
22 23
23 24
24 25
25 26
26 27
27 28
28 29
29 30
30 31
31 32
32 33
33 34
34 35
35 36
36 37
37 38
38 39
39 40
40 41
41 42
42 43
43 44
44 45
45 46
46 47
47 48
48 49
49 50
50 51
51 52
52 53
53 54
54 55
55 56
56 57
57 58
58 59
59 60
60 61
61 62
62 63
63 64
64 65
65 66
66 67
67 68
68 69
69 70
70 71
71 72
72 73
73 74
74 75
75 1
76 77
77 78
78 79
79 80
80 81
81 82
82 83
83 84
84 85
85 86
86 87
87 88
88 89
89 90
90 91
91 92
92 93
93 94
94 95
95 96
96 97
97 98
98 99
99 100
100 101
101 102
102 103
103 104
104 105
105 106
106 107
107 108
108 109
109 110
110 111
111 112
112 113
113 114
114 115
115 116
116 117
117 118
118 119
119 120
120 121
121 122
122 123
123 124
124 125
125 126
126 127
127 128
128 129
129 130
130 131
131 132
132 133
133 134
134 135
135 136
136 137
137 138
138 139
139 140
140 141
141 142
142 143
143 144
144 145
145 146
146 147
147 148
148 149
149 76
150 151
151 152
152 153
153 154
154 155
155 156
156 157
157 158
158 159
159 160
160 161
161 162
162 163
163 164
164 165
165 166
166 167
167 168
168 169
169 170
170 171
171 172
172 173
173 174
174 175
175 176
176 177
177 178
178 179
179 180
180 181
181 182
182 183
183 184
184 185
185 186
186 187
187 188
188 189
189 190
190 191
191 192
192 193
193 194
194 195
195 196
196 197
197 198
198 199
199 200
200 201
201 202
202 203
203 204
204 205
205 206
206 207
207 208
208 209
209 210
210 211
211 212
212 213
213 214
214 215
215 216
216 217
217 218
218 219
219 220
220 221
221 222
222 223
223 150
224 225
225 226
226 227
227 228
228 229
229 230
230 231
231 232
232 233
233 234
234 235
235 236
236 237
237 238
238 239
239 240
240 241
241 242
242 243
243 244
244 245
245 246
246 247
247 248
248 249
249 250
250 251
251 252
252 253
253 254
254 255
255 256
256 257
257 258
258 259
259 260
260 261
261 262
262 263
263 264
264 265
265 266
266 267
267 268
268 269
269 270
270 271
271 272
272 273
273 274
274 275
275 276
276 277
277 278
278 279
279 280
280 281
281 282
282 283
283 284
284 285
285 286
286 287
287 288
288 289
289 290
290 291
291 292
292 293
293 294
294 295
295 296
296 297
297 224
298 299
299 300
300 301
301 302
302 303
303 304
304 305
305 306
306 307
307 308
308 309
309 310
310 311
311 312
312 313
313 314
314 315
315 316
316 317
317 318
318 319
319 320
320 321
321 322
322 323
323 324
324 325
325 326
326 327
327 328
328 329
329 330
330 331
331 332
332 333
333 334
334 335
335 336
336 337
337 338
338 339
339 340
340 341
341 342
342 343
343 344
344 345
345 346
346 347
347 348
348 349
349 350
350 351
351 352
352 353
353 354
354 355
355 356
356 357
357 358
358 359
359 360
360 361
361 362
362 363
363 364
364 365
365 366
366 367
367 368
368 369
369 370
370 371
371 298
165 199
169 214
61 46
113 94
352 337
362 354
11 58
125 91
9 14
95 99
23 15
156 178
95 76
312 325
122 138
102 88
280 288
153 200
9 45
68 25
186 162
208 190
39 4
184 182
129 131
247 238
15 42
266 297
80 142
197 214
361 299
166 221
259 268
324 341
329 350
208 151
257 287
35 23
223 165
48 47
179 185
352 306
45 24
23 28
37 71
52 41
314 309
238 255
286 277
363 305
97 85
257 259
2 32
72 1
313 298
76 145
371 317
297 260
321 322
237 295
294 242
261 285
275 243
62 25
371 305
11 60
316 306
285 229
241 286
78 107
174 200
275 297
274 295
350 333
15 18
28 59
187 150
95 97
78 89
284 272
242 239
304 330
156 206
60 25
248 261
180 199
259 288
232 245
333 329
40 60
144 81
279 237
294 247
239 227
237 256
56 53
161 190
109 89
132 118
1 48
81 101
110 79
189 216
241 253
84 132
346 310
168 156
74 45
99 114
113 114
136 87
68 5
216 208
346 299
99 85
62 68
237 250
141 77
47 13
255 287
171 157
115 85
31 37
269 293
48 57
157 184
277 239
22 51
103 104
346 307
342 306
133 103
166 157
338 305
263 290
250 275
8 29
292 257
98 132
149 110
329 301
201 186
214 165
21 14
268 237
295 262
261 269
311 359
267 229
367 299
328 330
249 244
173 182
147 94
176 163
232 251
84 119
134 90
159 188
311 323
296 245
107 115
114 97
120 115
353 330
64 17
131 112
96 135
197 191
172 189
61 30
53 24
70 46
49 54
112 116
121 125
321 363
155 153
228 242
4 6
32 6
290 247
230 226
84 93
278 237
200 210
26 24
179 214
22 42
331 339
175 188
353 360
272 245
97 99
73 11
182 151
356 331
295 249
20 63
346 351
299 348
308 319
314 367
47 51
198 201
145 96
287 283
277 228
165 202
27 53
53 4
348 357
127 114
273 274
202 198
13 4
148 95
331 364
317 306
261 290
147 139
182 185
164 206
88 81
251 262
150 191
316 342
9 27
327 336
112 99
6 17
235 264
343 314
22 72
134 84
203 163
250 247
67 1
366 343
127 135
259 237
10 28
201 191
147 109
364 321
37 36
28 39
302 332
112 121
328 344
189 211
217 153
205 164
206 179
282 269
160 223
213 155
27 46
344 323
201 211
371 343
283 259
189 151
283 297
371 358
332 320
190 168
347 300
262 229
183 184
3 53
351 332
25 42
202 171
332 315
265 230
85 117
262 258
136 98
201 194
207 150
76 138
229 285
262 260
82 118
203 219
142 93
109 126
162 206
124 78
141 82
352 337
29 72
348 341
75 8