75 274
1 2
2 3
3 4
4 5
5 6
6 7
7 8
8 9
9 10
10 11
11 12
12 13
13 14
14 15
15 16
16 17
17 18
18 19
19 1
20 21
21 22
22 23
23 24
24 25
25 26
26 27
27 28
28 29
29 30
30 31
31 32
32 33
33 34
34 35
35 36
36 37
37 38
38 20
39 40
40 41
41 42
42 43
43 44
44 45
45 46
46 47
47 48
48 49
49 50
50 51
51 52
52 53
53 54
54 55
55 56
56 57
57 39
58 59
59 60
60 61
61 62
62 63
63 64
64 65
65 66
66 67
67 68
68 69
69 70
70 71
71 72
72 73
73 74
74 75
75 58
70 59
4 14
74 64
17 6
12 15
1 9
34 27
55 47
47 53
34 25
48 46
63 60
45 43
15 18
9 19
11 3
46 40
19 13
14 1
69 64
63 68
10 19
42 51
60 74
37 24
46 42
18 15
67 73
71 73
16 10
4 6
72 70
1 10
6 18
23 27
74 61
41 45
47 50
46 48
40 56
20 32
50 43
49 48
69 59
19 15
48 42
70 62
41 39
14 3
23 32
61 67
61 60
49 56
69 61
73 68
73 68
56 46
43 48
66 59
71 70
18 11
62 61
33 29
73 60
67 71
31 37
51 40
33 37
35 20
24 36
48 45
62 65
48 50
68 70
61 68
67 66
64 73
58 66
10 16
16 11
15 6
68 64
13 11
29 27
28 21
47 46
56 48
43 52
1 12
12 3
64 66
1 4
23 38
58 65
70 61
48 40
28 26
48 55
6 9
28 38
59 63
19 12
58 64
50 39
36 34
21 25
31 27
22 34
27 24
3 18
33 28
1 18
57 39
61 68
65 62
41 55
7 1
6 8
24 33
8 10
40 50
33 29
42 44
5 9
31 32
27 34
74 60
46 43
71 68
31 37
29 38
57 49
34 37
2 7
75 63
12 8
27 31
21 37
65 58
14 19
64 58
66 64
34 25
46 50
48 42
2 15
55 39
29 33
45 54
65 71
64 67
22 20
10 13
24 32
40 53
17 2
52 41
4 8
30 26
44 55
54 53
75 66
45 44
58 75
35 28
51 53
21 31
44 51
41 56
30 35
48 43
68 75
17 14
8 10
43 54
61 63
14 16
66 72
4 8
63 60
44 43
44 57
65 75
42 41
9 8
27 32
47 52
75 71
30 28
72 63
5 2
11 16
6 19
25 38
44 47
62 59
14 8
62 71
15 19
