113 179
1 2
2 3
3 4
4 5
5 6
6 7
7 8
8 9
9 1
10 11
11 12
12 13
13 14
14 15
15 16
16 17
17 18
18 10
19 20
20 21
21 22
22 23
23 24
24 25
25 26
26 27
27 19
28 29
29 30
30 31
31 32
32 33
33 34
34 35
35 36
36 28
37 38
38 39
39 40
40 41
41 42
42 43
43 44
44 45
45 37
46 47
47 48
48 49
49 50
50 51
51 52
52 53
53 54
54 46
55 56
56 57
57 58
58 59
59 60
60 61
61 62
62 63
63 55
64 65
65 66
66 67
67 68
68 69
69 70
70 71
71 72
72 64
73 74
74 75
75 76
76 77
77 78
78 79
79 80
80 81
81 73
82 83
83 84
84 85
85 86
86 87
87 88
88 89
89 82
90 91
91 92
92 93
93 94
94 95
95 96
96 97
97 90
98 99
99 100
100 101
101 102
102 103
103 104
104 105
105 98
106 107
107 108
108 109
109 110
110 111
111 112
112 113
113 106
17 12
59 55
66 67
85 83
88 87
77 81
38 42
50 47
27 23
108 113
90 92
46 51
93 91
38 44
66 72
92 90
97 90
112 107
89 88
90 93
24 20
5 7
107 106
61 56
108 113
76 73
12 13
78 77
13 10
65 68
55 63
77 81
11 17
26 24
108 110
20 23
63 60
8 2
86 84
11 16
62 59
95 97
90 93
6 4
44 37
30 35
32 31
30 29
92 90
15 16
17 18
10 16
113 111
53 49
18 15
66 69
75 73
99 102
20 21
61 56
68 67
18 12
89 83
44 37
44 43
21 20
