149 378
1 2
1 3
1 4
2 5
2 6
2 7
3 8
3 9
3 10
4 11
4 12
4 13
5 14
5 15
5 16
6 17
6 18
6 19
7 20
7 21
7 22
8 23
8 24
8 25
9 26
9 27
9 28
10 29
10 30
10 31
11 32
11 33
11 34
12 35
12 36
12 37
13 38
13 39
13 40
14 41
14 42
14 43
15 44
15 45
15 46
16 47
16 48
16 49
17 50
17 51
17 52
18 53
18 54
18 55
19 56
19 57
19 58
20 59
20 60
20 61
21 62
21 63
21 64
22 65
22 66
22 67
23 68
23 69
23 70
24 71
24 72
24 73
25 74
25 75
25 76
26 77
26 78
26 79
27 80
27 81
27 82
28 83
28 84
28 85
29 86
29 87
29 88
30 89
30 90
30 91
31 92
31 93
31 94
32 95
32 96
32 97
33 98
33 99
33 100
34 101
34 102
34 103
35 104
35 105
35 106
36 107
36 108
36 109
37 110
37 111
37 112
38 113
38 114
38 115
39 116
39 117
39 118
40 119
40 120
40 121
41 122
41 123
41 124
42 125
42 126
42 127
43 128
43 129
43 130
44 131
44 132
44 133
45 134
45 135
45 136
46 137
46 138
46 139
47 140
47 141
47 142
48 143
48 144
48 145
49 146
49 147
49 148
50 149
51 1
52 2
53 3
54 4
55 5
56 6
57 7
58 8
59 9
60 10
61 11
62 12
63 13
64 14
65 15
66 16
67 17
68 18
69 19
70 20
71 21
72 22
73 23
74 24
75 25
76 26
77 27
78 28
79 29
80 30
81 31
82 32
83 33
84 34
85 35
86 36
87 37
88 38
89 39
90 40
91 41
92 42
93 43
94 44
95 45
96 46
97 47
98 48
99 49
100 50
101 51
102 52
103 53
104 54
105 55
106 56
107 57
108 58
109 59
110 60
111 61
112 62
113 63
114 64
115 65
116 66
117 67
118 68
119 69
120 70
121 71
122 72
123 73
124 74
125 75
126 76
127 77
128 78
129 79
130 80
131 81
132 82
133 83
134 84
135 85
136 86
137 87
138 88
139 89
140 90
141 91
142 92
143 93
144 94
145 95
146 96
147 97
148 98
149 99
100 101
101 102
102 103
103 104
104 105
105 106
106 107
107 108
108 109
109 110
110 111
111 112
112 113
113 114
114 115
115 116
116 117
117 118
118 119
119 120
120 121
121 122
122 123
123 124
124 125
125 126
126 127
127 128
128 129
129 130
130 131
131 132
132 133
133 134
134 135
135 136
136 137
137 138
138 139
139 140
140 141
141 142
142 143
143 144
144 145
145 146
146 147
147 148
148 149
149 1