876 2300
1 2
2 3
3 4
4 5
5 6
6 7
7 8
8 9
9 10
10 11
11 12
12 13
13 14
14 15
15 16
16 17
17 18
18 19
19 20
20 1
21 22
22 23
23 24
24 25
25 26
26 27
27 28
28 29
29 30
30 31
31 32
32 33
33 34
34 35
35 36
36 37
37 38
38 39
39 40
40 21
41 42
42 43
43 44
44 45
45 46
46 47
47 48
48 49
49 50
50 51
51 52
52 53
53 54
54 55
55 56
56 57
57 58
58 59
59 41
60 61
61 62
62 63
63 64
64 65
65 66
66 67
67 68
68 69
69 70
70 71
71 72
72 73
73 74
74 75
75 76
76 77
77 78
78 60
79 80
80 81
81 82
82 83
83 84
84 85
85 86
86 87
87 88
88 89
89 90
90 91
91 92
92 93
93 94
94 95
95 96
96 97
97 79
98 99
99 100
100 101
101 102
102 103
103 104
104 105
105 106
106 107
107 108
108 109
109 110
110 111
111 112
112 113
113 114
114 115
115 116
116 98
117 118
118 119
119 120
120 121
121 122
122 123
123 124
124 125
125 126
126 127
127 128
128 129
129 130
130 131
131 132
132 133
133 134
134 135
135 117
136 137
137 138
138 139
139 140
140 141
141 142
142 143
143 144
144 145
145 146
146 147
147 148
148 149
149 150
150 151
151 152
152 153
153 154
154 136
155 156
156 157
157 158
158 159
159 160
160 161
161 162
162 163
163 164
164 165
165 166
166 167
167 168
168 169
169 170
170 171
171 172
172 173
173 155
174 175
175 176
176 177
177 178
178 179
179 180
180 181
181 182
182 183
183 184
184 185
185 186
186 187
187 188
188 189
189 190
190 191
191 192
192 174
193 194
194 195
195 196
196 197
197 198
198 199
199 200
200 201
201 202
202 203
203 204
204 205
205 206
206 207
207 208
208 209
209 210
210 211
211 193
212 213
213 214
214 215
215 216
216 217
217 218
218 219
219 220
220 221
221 222
222 223
223 224
224 225
225 226
226 227
227 228
228 229
229 230
230 212
231 232
232 233
233 234
234 235
235 236
236 237
237 238
238 239
239 240
240 241
241 242
242 243
243 244
244 245
245 246
246 247
247 248
248 249
249 231
250 251
251 252
252 253
253 254
254 255
255 256
256 257
257 258
258 259
259 260
260 261
261 262
262 263
263 264
264 265
265 266
266 267
267 268
268 250
269 270
270 271
271 272
272 273
273 274
274 275
275 276
276 277
277 278
278 279
279 280
280 281
281 282
282 283
283 284
284 285
285 286
286 287
287 269
288 289
289 290
290 291
291 292
292 293
293 294
294 295
295 296
296 297
297 298
298 299
299 300
300 301
301 302
302 303
303 304
304 305
305 306
306 288
307 308
308 309
309 310
310 311
311 312
312 313
313 314
314 315
315 316
316 317
317 318
318 319
319 320
320 321
321 322
322 323
323 324
324 325
325 307
326 327
327 328
328 329
329 330
330 331
331 332
332 333
333 334
334 335
335 336
336 337
337 338
338 339
339 340
340 341
341 342
342 343
343 344
344 326
345 346
346 347
347 348
348 349
349 350
350 351
351 352
352 353
353 354
354 355
355 356
356 357
357 358
358 359
359 360
360 361
361 362
362 363
363 345
364 365
365 366
366 367
367 368
368 369
369 370
370 371
371 372
372 373
373 374
374 375
375 376
376 377
377 378
378 379
379 380
380 381
381 382
382 364
383 384
384 385
385 386
386 387
387 388
388 389
389 390
390 391
391 392
392 393
393 394
394 395
395 396
396 397
397 398
398 399
399 400
400 401
401 383
402 403
403 404
404 405
405 406
406 407
407 408
408 409
409 410
410 411
411 412
412 413
413 414
414 415
415 416
416 417
417 418
418 419
419 420
420 402
421 422
422 423
423 424
424 425
425 426
426 427
427 428
428 429
429 430
430 431
431 432
432 433
433 434
434 435
435 436
436 437
437 438
438 439
439 421
440 441
441 442
442 443
443 444
444 445
445 446
446 447
447 448
448 449
449 450
450 451
451 452
452 453
453 454
454 455
455 456
456 457
457 458
458 440
459 460
460 461
461 462
462 463
463 464
464 465
465 466
466 467
467 468
468 469
469 470
470 471
471 472
472 473
473 474
474 475
475 476
476 477
477 459
478 479
479 480
480 481
481 482
482 483
483 484
484 485
485 486
486 487
487 488
488 489
489 490
490 491
491 492
492 493
493 494
494 495
495 496
496 478
497 498
498 499
499 500
500 501
501 502
502 503
503 504
504 505
505 506
506 507
507 508
508 509
509 510
510 511
511 512
512 513
513 514
514 515
515 497
516 517
517 518
518 519
519 520
520 521
521 522
522 523
523 524
524 525
525 526
526 527
527 528
528 529
529 530
530 531
531 532
532 533
533 534
534 516
535 536
536 537
537 538
538 539
539 540
540 541
541 542
542 543
543 544
544 545
545 546
546 547
547 548
548 549
549 550
550 551
551 552
552 553
553 535
554 555
555 556
556 557
557 558
558 559
559 560
560 561
561 562
562 563
563 564
564 565
565 566
566 567
567 568
568 569
569 570
570 571
571 572
572 554
573 574
574 575
575 576
576 577
577 578
578 579
579 580
580 581
581 582
582 583
583 584
584 585
585 586
586 587
587 588
588 589
589 590
590 591
591 573
592 593
593 594
594 595
595 596
596 597
597 598
598 599
599 600
600 601
601 602
602 603
603 604
604 605
605 606
606 607
607 608
608 609
609 610
610 592
611 612
612 613
613 614
614 615
615 616
616 617
617 618
618 619
619 620
620 621
621 622
622 623
623 624
624 625
625 626
626 627
627 628
628 629
629 611
630 631
631 632
632 633
633 634
634 635
635 636
636 637
637 638
638 639
639 640
640 641
641 642
642 643
643 644
644 645
645 646
646 647
647 648
648 630
649 650
650 651
651 652
652 653
653 654
654 655
655 656
656 657
657 658
658 659
659 660
660 661
661 662
662 663
663 664
664 665
665 666
666 667
667 649
668 669
669 670
670 671
671 672
672 673
673 674
674 675
675 676
676 677
677 678
678 679
679 680
680 681
681 682
682 683
683 684
684 685
685 686
686 668
687 688
688 689
689 690
690 691
691 692
692 693
693 694
694 695
695 696
696 697
697 698
698 699
699 700
700 701
701 702
702 703
703 704
704 705
705 687
706 707
707 708
708 709
709 710
710 711
711 712
712 713
713 714
714 715
715 716
716 717
717 718
718 719
719 720
720 721
721 722
722 723
723 724
724 706
725 726
726 727
727 728
728 729
729 730
730 731
731 732
732 733
733 734
734 735
735 736
736 737
737 738
738 739
739 740
740 741
741 742
742 743
743 725
744 745
745 746
746 747
747 748
748 749
749 750
750 751
751 752
752 753
753 754
754 755
755 756
756 757
757 758
758 759
759 760
760 761
761 762
762 744
763 764
764 765
765 766
766 767
767 768
768 769
769 770
770 771
771 772
772 773
773 774
774 775
775 776
776 777
777 778
778 779
779 780
780 781
781 763
782 783
783 784
784 785
785 786
786 787
787 788
788 789
789 790
790 791
791 792
792 793
793 794
794 795
795 796
796 797
797 798
798 799
799 800
800 782
801 802
802 803
803 804
804 805
805 806
806 807
807 808
808 809
809 810
810 811
811 812
812 813
813 814
814 815
815 816
816 817
817 818
818 819
819 801
820 821
821 822
822 823
823 824
824 825
825 826
826 827
827 828
828 829
829 830
830 831
831 832
832 833
833 834
834 835
835 836
836 837
837 838
838 820
839 840
840 841
841 842
842 843
843 844
844 845
845 846
846 847
847 848
848 849
849 850
850 851
851 852
852 853
853 854
854 855
855 856
856 857
857 839
858 859
859 860
860 861
861 862
862 863
863 864
864 865
865 866
866 867
867 868
868 869
869 870
870 871
871 872
872 873
873 874
874 875
875 876
876 858
213 227
502 506
559 567
382 375
333 327
141 146
548 543
258 264
638 630
6 4
662 667
401 392
115 99
208 196
152 139
98 106
152 150
492 491
89 81
518 530
59 57
425 430
746 759
686 671
793 794
171 170
149 152
397 400
270 281
333 343
684 678
802 805
865 867
784 788
217 221
43 52
554 564
860 867
838 826
862 873
59 55
691 693
148 138
246 243
462 473
819 802
810 815
708 722
171 163
85 92
425 437
664 650
358 347
224 220
246 240
440 447
135 124
773 763
34 24
208 198
428 439
726 733
234 231
468 463
159 161
304 290
753 758
874 873
166 165
332 330
624 629
628 624
505 508
361 353
5 19
396 400
83 94
2 9
275 269
180 188
81 91
556 565
824 830
104 116
580 590
334 332
799 786
260 256
777 778
243 246
724 710
251 260
181 187
249 244
552 548
476 473
42 44
276 281
313 312
749 750
66 61
367 368
853 846
645 632
631 638
230 214
12 13
546 545
361 356
89 85
775 772
482 483
296 295
757 758
440 449
762 752
361 350
377 365
446 453
81 80
19 18
210 199
636 633
167 171
328 338
416 404
230 222
718 715
496 490
282 285
80 86
119 123
813 802
623 628
309 322
639 643
258 251
234 244
698 696
447 440
15 12
200 201
358 347
782 789
660 657
733 738
582 585
388 385
516 523
680 673
769 764
582 578
706 718
868 865
655 659
531 534
823 822
79 89
732 734
614 625
477 475
751 746
479 488
58 47
124 133
615 614
231 232
768 781
538 543
163 156
492 486
432 425
198 209
33 38
759 750
760 759
277 272
129 132
93 82
774 766
620 618
760 744
224 215
678 674
25 29
514 498
777 773
716 724
552 544
358 354
221 214
350 346
780 773
47 50
358 356
674 675
44 45
754 756
261 253
698 688
555 569
205 195
721 724
78 74
425 436
193 196
205 193
816 813
495 487
632 648
361 363
695 693
211 202
227 217
237 246
524 529
600 597
245 235
564 571
567 563
337 344
702 699
642 643
104 101
159 163
243 239
101 104
668 681
638 648
303 300
870 868
859 875
234 233
528 527
815 816
485 487
657 663
298 288
523 530
268 255
735 729
740 739
760 762
222 212
308 314
617 612
162 165
458 451
757 744
133 129
243 232
686 681
319 307
405 402
384 391
231 248
334 342
394 392
51 53
657 655
40 27
812 813
749 750
769 777
570 568
111 112
478 493
639 631
214 224
771 772
154 147
876 872
633 637
175 191
231 246
611 619
840 853
390 393
850 856
280 277
604 602
571 561
573 579
383 394
119 135
871 868
50 54
155 163
103 113
8 12
694 702
260 257
821 837
3 9
623 618
532 526
606 594
314 313
381 374
126 121
380 366
651 665
43 54
59 57
10 7
832 821
510 498
822 825
97 93
435 421
36 28
244 235
370 372
266 256
90 82
70 77
44 51
11 18
587 582
643 636
50 43
767 777
476 471
541 547
435 426
190 185
543 538
43 54
325 315
43 42
485 484
62 72
787 794
300 292
73 65
430 431
246 242
799 790
834 821
685 680
304 305
552 553
244 234
631 644
321 318
10 17
465 477
756 753
463 460
832 826
14 12
50 56
638 634
830 824
466 477
856 857
190 186
179 189
548 544
780 775
639 630
383 385
113 110
577 583
161 156
661 650
388 395
253 265
92 81
652 655
321 322
255 262
486 483
444 446
61 72
6 11
6 16
344 333
514 510
871 876
771 770
27 40
643 645
543 545
200 197
773 768
623 614
66 65
348 346
248 249
568 569
766 773
203 197
162 165
765 779
567 563
524 518
576 585
801 805
259 250
361 351
480 491
483 479
268 263
18 13
705 696
127 126
596 593
352 349
502 515
307 318
21 26
815 807
312 321
689 694
805 814
781 771
97 96
505 499
162 171
802 814
160 157
523 518
735 734
449 451
835 837
784 788
474 471
386 395
112 99
630 646
497 511
721 708
322 316
231 235
74 75
683 681
87 96
265 258
563 564
156 159
12 3
577 584
251 253
559 568
203 200
720 708
96 82
556 566
234 248
11 20
47 45
679 686
310 311
393 383
193 204
727 736
839 846
701 703
617 615
821 826
170 162
114 104
603 592
399 384
361 358
644 647
784 794
738 741
210 196
675 685
761 757
362 348
170 169
669 670
322 321
194 208
629 623
746 762
776 772
279 270
799 797
280 283
301 306
273 284
838 830
653 665
322 319
278 275
488 485
731 737
870 866
137 144
199 207
805 809
451 444
87 82
573 587
223 229
321 317
354 350
702 701
90 84
47 41
814 811
610 592
691 700
708 724
787 793
536 548
742 734
419 412
362 345
252 260
204 209
257 253
293 296
13 15
103 113
740 734
788 786
116 107
524 521
266 257
92 97
267 258
661 656
703 696
257 250
367 365
645 648
556 564
533 518
525 523
252 255
207 194
793 788
164 160
363 362
69 66
558 572
579 590
657 664
494 483
853 856
438 433
398 394
869 873
476 466
876 874
871 875
411 409
137 141
443 440
319 309
290 296
64 69
712 724
733 735
275 273
139 142
334 332
377 369
283 270
649 655
18 5
804 803
730 734
704 703
159 158
818 817
791 787
300 289
702 692
219 214
43 42
450 445
781 763
818 815
740 734
255 265
814 808
719 708
664 656
421 438
70 74
863 875
111 104
667 662
803 808
594 609
751 756
428 427
14 3
359 350
805 804
814 806
791 795
4 2
344 340
778 770
333 328
326 337
594 609
529 520
734 742
31 33
16 10
781 776
828 838
23 38
417 413
707 723
754 755
174 178
75 65
511 509
122 127
359 356
515 501
709 719
336 329
102 98
317 307
519 517
623 613
694 703
305 303
848 851
361 345
742 739
105 100
790 793
199 211
674 675
858 864
509 506
532 526
396 394
453 443
617 621
392 387
685 678
702 693
360 358
239 231
140 150
354 363
703 699
184 176
859 869
474 461
591 576
320 316
131 129
212 219
595 598
116 114
554 560
576 582
482 479
447 445
494 490
151 143
470 465
127 119
794 799
806 809
317 310
181 184
166 156
187 192
6 11
548 549
424 427
418 411
73 76
92 79
786 791
828 821
117 134
15 10
802 816
856 852
295 303
380 373
189 174
854 849
446 453
833 824
506 499
544 536
72 67
863 860
37 40
405 412
315 320
317 323
484 482
582 583
160 158
338 344
140 153
425 422
554 568
556 570
799 788
482 484
611 629
184 179
219 222
251 266
492 483
39 40
498 497
721 712
119 123
816 813
830 835
815 817
622 615
424 423
788 797
693 701
542 537
386 385
278 285
305 295
856 844
137 136
577 586
696 691
665 655
365 380
687 705
138 143
8 7
149 154
788 789
868 860
26 27
715 723
256 262
333 341
560 554
654 653
398 385
848 856
696 687
96 94
343 330
382 375
185 184
205 194
722 718
256 268
253 256
325 308
738 730
766 772
802 814
455 457
740 738
662 651
670 686
84 90
743 731
329 337
83 88
853 850
141 139
258 257
277 278
237 238
756 762
283 280
113 115
212 217
213 218
236 232
67 70
55 51
822 836
713 709
487 481
279 269
350 354
270 287
557 571
492 478
795 782
265 256
72 75
365 372
457 450
736 729
812 814
259 265
579 584
15 13
685 675
107 104
2 17
300 290
117 118
641 645
809 815
70 76
354 361
434 422
713 710
652 649
710 722
344 341
781 764
371 375
865 867
323 320
791 799
487 486
248 240
192 177
290 296
832 828
548 552
618 626
683 682
809 810
795 782
381 370
794 798
659 661
75 73
325 312
643 640
160 163
281 286
696 700
777 779
622 613
132 117
724 719
290 299
367 381
78 75
793 798
274 269
4 5
441 448
795 792
729 737
300 288
172 157
188 187
316 322
657 663
242 247
738 734
827 830
151 149
213 228
693 691
76 75
842 846
413 419
446 442
640 636
486 489
530 516
809 815
322 310
243 248
649 657
462 469
47 56
107 113
759 760
185 176
469 470
657 655
197 204
254 255
514 502
38 34
97 79
39 31
451 442
273 284
456 452
722 721
863 865
749 758
56 45
564 559
591 588
576 582
336 337
798 788
581 587
703 697
554 556
271 270
730 735
74 61
274 279
20 7
268 251
629 618
728 730
798 797
315 307
865 871
782 783
55 41
718 721
525 520
129 125
192 189
513 499
211 201
18 10
694 692
302 301
412 408
203 193
565 572
681 669
741 733
514 508
652 650
79 90
274 283
555 563
70 62
328 330
817 805
555 560
874 863
717 709
535 549
868 858
437 428
587 574
216 215
805 813
521 533
275 270
284 275
264 256
584 581
407 413
815 805
343 341
416 410
264 255
403 418
860 865
272 275
304 303
533 532
486 496
852 849
161 158
813 815
2 8
7 18
365 381
627 611
803 819
657 667
209 203
624 618
574 587
187 175
751 752
847 851
691 696
311 325
208 209
563 565
236 249
308 321
395 388
713 719
201 204
190 192
193 209
516 518
819 812
139 153
566 568
705 695
864 865
456 440
822 835
303 296
261 264
779 765
783 791
193 201
572 568
229 212
228 229
704 701
391 387
251 266
274 271
306 301
870 867
795 791
149 143
449 458
816 806
533 519
90 97
698 690
457 453
216 222
462 461
871 873
527 518
67 63
509 511
570 572
188 183
159 162
845 851
68 69
355 360
853 857
445 447
154 139
644 642
26 32
356 345
273 270
863 858
205 194
2 19
112 116
596 607
478 488
829 832
705 688
755 757
603 596
295 302
788 793
400 386
826 833
363 349
264 256
455 440
470 473
289 305
49 56
743 728
776 780
251 256
398 396
69 66
74 63
420 407
437 422
450 441
611 619
851 848
739 725
477 476
583 585
246 248
443 444
746 756
478 496
835 824
537 549
134 132
462 466
838 831
10 6
176 187
565 554
786 799
735 731
448 456
227 220
326 336
316 323
663 666
12 7
128 127
404 402
359 363
661 659
47 41
533 520
693 699
305 296
204 210
484 479
848 854
312 325
246 241
154 145
608 598
727 733
52 48
118 131
720 710
348 352
685 680
49 52
394 395
692 695
327 329
47 57
646 641
258 260
804 805
714 710
96 90
814 806
366 364
154 153
585 574
395 393
627 622
347 363
220 228
51 43
708 716
162 158
433 425
70 67
691 700
782 791
865 868
243 241
370 381
825 821
261 252
594 592
382 369
172 166
454 453
805 802
98 102
395 396
499 498
621 618
785 797
550 538
432 423
251 252
310 308
210 208
51 58
492 486
142 153
660 652
269 285
54 55
845 842
613 620
388 386
360 351
750 745
79 83
216 219
335 340
246 239
564 556
853 841
231 235
108 103
32 33
27 22
9 17
686 676
191 184
269 270
187 183
757 756
734 732
839 846
269 274
8 15
846 848
274 284
131 123
487 492
439 432
71 65
323 311
773 771
347 359
619 616
278 272
366 369
817 808
771 781
424 433
293 291
18 11
125 120
587 581
276 277
820 828
41 53
465 473
247 234
466 472
530 529
19 18
627 614
268 257
363 346
217 212
146 144
656 657
226 230
641 639
691 690
98 100
27 23
503 504
178 183
292 288
262 250
506 507
559 562
303 299
481 486
105 112
744 758
421 427
120 127
551 547
424 434
761 760
657 664
312 315
458 452
698 701
203 198
686 680
857 854
299 306
723 718
727 735
292 306
503 502
848 845
401 390
473 460
171 164
811 813
120 133
809 805
329 342
134 117
526 532
382 370
52 58
840 853
645 643
612 618
78 69
788 798
112 106
662 665
269 273
75 73
261 267
310 315
247 248
431 422
742 741
78 68
738 742
564 561
145 151
666 654
597 606
824 828
181 189
113 114
101 104
114 105
329 332
443 458
202 209
35 27
393 397
766 767
44 43
646 636
600 609
430 434
372 371
138 139
143 142
766 781
69 71
874 867
157 155
683 681
279 280
192 180
66 73
85 80
616 623
666 654
390 396
483 495
420 413
101 110
417 419
866 865
549 541
301 299
593 605
221 230
189 182
635 641
66 67
399 384
661 651
740 731
692 700
604 606
113 99
412 403
340 334
618 617
182 189
253 268
168 164
287 281
66 64
440 441
84 81
266 259
738 736
727 737
718 711
312 325
604 595
42 57
640 643
431 433
784 800
402 407
58 48
717 707
156 155
407 402
833 826
153 150
34 31
658 667
566 567
207 197
809 806
189 176
554 561
751 750
494 478
315 313
138 136
718 724
341 330
5 19
31 36
218 221
276 280
609 597
434 427
298 289
35 32
430 436
497 510
540 535
549 550
65 70
167 160
401 383
312 307
62 71
479 489
420 407
533 521
840 845
662 650
2 17
174 188
311 312
792 796
97 83
199 208
168 161
164 157
247 237
369 381
129 120
364 377
333 328
738 740
548 550
717 716
781 763
237 241
148 137
111 107
515 513
166 167
157 172
535 541
481 496
512 509
850 848
396 387
43 57
493 482
